[
  [
    421464.55423107167,
    1446398.1797292316
  ],
  [
    421451.40861508163,
    1446483.243439229
  ],
  [
    421427.7586239057,
    1446636.7186652764
  ],
  [
    421386.3925581732,
    1446887.9229950637
  ],
  [
    421372.4510404015,
    1446982.5666851678
  ],
  [
    421369.5904696506,
    1447009.560285802
  ],
  [
    421367.0123217692,
    1447082.1185914273
  ],
  [
    421361.72272803565,
    1447120.2340494988
  ],
  [
    421327.68528249353,
    1447355.801464602
  ],
  [
    421338.2083504723,
    1447331.8825521811
  ],
  [
    421346.4564861317,
    1447308.5452693456
  ],
  [
    421352.7859442545,
    1447285.2687910206
  ],
  [
    421359.1936675994,
    1447255.2567989142
  ],
  [
    421369.1187794429,
    1447177.7890752472
  ],
  [
    421386.3482781725,
    1447072.9389967935
  ],
  [
    421394.7210618806,
    1447028.7429955825
  ],
  [
    421402.5485538157,
    1446990.9741838314
  ],
  [
    421409.9517330094,
    1446967.8052497185
  ],
  [
    421421.1747153918,
    1446934.5722090683
  ],
  [
    417427.14853016613,
    1434886.6147307563
  ],
  [
    417331.8573119027,
    1434883.6588372034
  ],
  [
    417255.11876024236,
    1434879.0773157182
  ],
  [
    417165.1392630447,
    1434867.9551875228
  ],
  [
    417090.5497783334,
    1434845.8271658297
  ],
  [
    417020.62270198547,
    1434819.65966169
  ],
  [
    416981.15127313026,
    1434800.722382174
  ],
  [
    416944.3804048898,
    1434781.7659897567
  ],
  [
    416924.4019956904,
    1434770.954382227
  ],
  [
    416901.97056669666,
    1434755.9364479773
  ],
  [
    416867.1419260447,
    1434733.667498788
  ],
  [
    416844.11810223194,
    1434716.4394679356
  ],
  [
    416820.478593954,
    1434696.4594649754
  ],
  [
    416807.47094085685,
    1434684.5873798889
  ],
  [
    416781.7921940391,
    1434660.963869789
  ],
  [
    416747.65581311163,
    1434627.3237069743
  ],
  [
    416707.78194173204,
    1434590.1507184864
  ],
  [
    416532.43176591326,
    1434410.274770756
  ],
  [
    416481.7549548029,
    1434358.9009456313
  ],
  [
    416351.58464966586,
    1434228.2708664886
  ],
  [
    416272.4484804275,
    1434148.9030574812
  ],
  [
    416229.9969629756,
    1434106.2529195263
  ],
  [
    416183.86932602775,
    1434060.3292655002
  ],
  [
    416120.3093947314,
    1433995.8562254102
  ],
  [
    416065.3476500127,
    1433941.211362916
  ],
  [
    416035.04437843175,
    1433909.5732190728
  ],
  [
    415981.66565716476,
    1433858.4296024698
  ],
  [
    415964.8503108203,
    1433843.041412573
  ],
  [
    415941.08026743424,
    1433823.394274135
  ],
  [
    415915.15031380655,
    1433803.2781500553
  ],
  [
    415878.97539992916,
    1433777.6744230315
  ],
  [
    415858.3612923931,
    1433765.073797036
  ],
  [
    415826.62238391617,
    1433746.5679871503
  ],
  [
    415796.12863454694,
    1433730.922865785
  ],
  [
    421366.86687114136,
    1447129.6973691296
  ],
  [
    421374.7914035654,
    1447076.6439104222
  ],
  [
    421383.1861330011,
    1447024.9826182527
  ],
  [
    421387.69414675084,
    1446982.7110040537
  ],
  [
    421396.34988669324,
    1446931.314404369
  ],
  [
    421466.24468051957,
    1446485.0147414037
  ],
  [
    421479.4938626969,
    1446402.0299461724
  ],
  [
    421385.6918496479,
    1447044.3850163927
  ],
  [
    421398.46742426546,
    1446993.0650821736
  ],
  [
    421403.24207739625,
    1446971.9497029122
  ],
  [
    421414.15657242725,
    1446921.8627296984
  ],
  [
    421427.550242634,
    1446836.488578274
  ],
  [
    421480.38601545914,
    1446486.4783713312
  ],
  [
    421482.79854572087,
    1446473.332681985
  ],
  [
    418323.0866891596,
    1445521.063741755
  ],
  [
    418388.44888883445,
    1445527.295034073
  ],
  [
    418433.1879597795,
    1445536.5185467396
  ],
  [
    418501.63236390887,
    1445551.135218828
  ],
  [
    418644.65016738506,
    1445588.9110629752
  ],
  [
    418262.91728302214,
    1445525.622422302
  ],
  [
    418344.1360367414,
    1445530.1585208147
  ],
  [
    418400.32903600665,
    1445537.4014200151
  ],
  [
    418470.6861997227,
    1445553.5606814965
  ],
  [
    418602.7601158714,
    1445589.7983410584
  ],
  [
    418721.54388694663,
    1445619.4733537508
  ],
  [
    418759.00304789224,
    1445630.742849974
  ],
  [
    418772.94278266944,
    1445633.4665132142
  ],
  [
    418795.34799695725,
    1445635.5347429279
  ],
  [
    418816.4615926956,
    1445633.4483861392
  ],
  [
    418225.48815603455,
    1445539.1271128512
  ],
  [
    418250.58354578377,
    1445541.6182189274
  ],
  [
    418306.71885841317,
    1445540.4004665804
  ],
  [
    418342.6409697133,
    1445541.4659281957
  ],
  [
    418393.47580443684,
    1445547.9395137148
  ],
  [
    418455.0407490353,
    1445560.6189609738
  ],
  [
    418507.4215561733,
    1445572.9387144353
  ],
  [
    418752.93516193517,
    1445639.254609935
  ],
  [
    418798.07641601306,
    1445656.2745551812
  ],
  [
    418898.0034088445,
    1445692.4649137987
  ],
  [
    418251.32528642437,
    1445546.7698076987
  ],
  [
    418285.80737669684,
    1445552.1306265355
  ],
  [
    418315.5602257011,
    1445556.7535016278
  ],
  [
    418400.0526888354,
    1445572.0963553265
  ],
  [
    418453.96215228154,
    1445584.400404085
  ],
  [
    418540.00394524564,
    1445606.7619516512
  ],
  [
    418728.91280914954,
    1445654.9198055605
  ],
  [
    418821.44361926895,
    1445675.6925323543
  ],
  [
    418898.0034088445,
    1445692.4649137987
  ],
  [
    418895.7137950799,
    1445691.7859804837
  ],
  [
    418941.19924806163,
    1445704.2706838623
  ],
  [
    419015.0348982469,
    1445723.8052758006
  ],
  [
    419092.7100503107,
    1445740.2209873996
  ],
  [
    418250.58354578377,
    1445541.6182189274
  ],
  [
    418315.1467265494,
    1445548.957679023
  ],
  [
    418364.8396911693,
    1445554.2622857164
  ],
  [
    418423.72210321756,
    1445565.3902289064
  ],
  [
    418517.0182304522,
    1445588.1172428334
  ],
  [
    418758.3301891953,
    1445652.4991523891
  ],
  [
    418794.1641180175,
    1445664.1384709782
  ],
  [
    418814.21326348756,
    1445672.396021848
  ],
  [
    418821.44361926895,
    1445675.6925323543
  ],
  [
    418834.56498862524,
    1436019.2178200497
  ],
  [
    418865.1316692256,
    1435894.9070906928
  ],
  [
    418876.1016933557,
    1435830.1211695115
  ],
  [
    418879.6670369419,
    1435773.6958907302
  ],
  [
    418875.740761323,
    1435707.1067400102
  ],
  [
    418858.8404776609,
    1435654.435407276
  ],
  [
    418834.4864625793,
    1435604.55085028
  ],
  [
    418806.4232195379,
    1435558.393214071
  ],
  [
    418776.5079780113,
    1435516.8528785862
  ],
  [
    418470.1584507227,
    1435170.882120242
  ],
  [
    418449.32131670637,
    1435148.0723633778
  ],
  [
    418423.4312068014,
    1435118.3321142765
  ],
  [
    418390.3150088332,
    1435087.695260044
  ],
  [
    418356.6570651345,
    1435057.2701724262
  ],
  [
    418315.38355594565,
    1435026.2925103777
  ],
  [
    418272.28902250034,
    1434995.7184292797
  ],
  [
    418221.00363152626,
    1434968.121526614
  ],
  [
    418162.2860610456,
    1434943.3226498808
  ],
  [
    418085.7017587719,
    1434921.0873093575
  ],
  [
    418010.0647566277,
    1434907.4647745402
  ],
  [
    417968.14450755646,
    1434903.6628893623
  ],
  [
    417902.6398200894,
    1434901.7669311434
  ],
  [
    417689.93454780645,
    1434893.1088833152
  ],
  [
    418434.0108678996,
    1437952.8814404425
  ],
  [
    418427.48942554084,
    1437834.176041331
  ],
  [
    418425.0717805404,
    1437761.0240199335
  ],
  [
    418424.99248285935,
    1437741.5262038177
  ],
  [
    418424.8052043251,
    1437696.4921232811
  ],
  [
    418432.2199533553,
    1437644.0256637773
  ],
  [
    418442.21884889284,
    1437596.2519005665
  ],
  [
    418460.08634002873,
    1437524.7873993765
  ],
  [
    418474.50658313767,
    1437461.1301011734
  ],
  [
    418644.90746810735,
    1436792.452220316
  ],
  [
    415862.16707147204,
    1433750.3529425599
  ],
  [
    415892.66173265013,
    1433766.318859367
  ],
  [
    415929.09759864636,
    1433784.9874332768
  ],
  [
    415958.70035883464,
    1433800.159834406
  ],
  [
    415987.8108293264,
    1433817.534622229
  ],
  [
    416013.13701703894,
    1433835.2969443307
  ],
  [
    416038.9792758725,
    1433858.7202446451
  ],
  [
    416064.78605149774,
    1433884.7648025274
  ],
  [
    416247.6058642231,
    1434068.552727421
  ],
  [
    416272.9310993076,
    1434093.3049420482
  ],
  [
    416291.0931636112,
    1434109.3859851218
  ],
  [
    416316.59558164154,
    1434124.6043176795
  ],
  [
    416351.6708622075,
    1434145.53367958
  ],
  [
    416397.2984286275,
    1434173.2660478042
  ],
  [
    416423.46391519706,
    1434189.0022712632
  ],
  [
    416430.38688668964,
    1434193.5932252165
  ],
  [
    416459.8610672486,
    1434213.1239961754
  ],
  [
    416490.18888604274,
    1434231.6015583724
  ],
  [
    416526.9298976761,
    1434254.693784672
  ],
  [
    416544.9667609257,
    1434268.9062853465
  ],
  [
    416557.7979116959,
    1434279.6949530565
  ],
  [
    416570.29180850426,
    1434293.7472257589
  ],
  [
    416587.39299104,
    1434314.2112477794
  ],
  [
    416600.3456802873,
    1434332.9514215558
  ],
  [
    421427.2380852951,
    1446477.6722585121
  ],
  [
    421426.0143630757,
    1446485.7160811278
  ],
  [
    421374.1903538583,
    1446825.3717562566
  ],
  [
    421364.1758051468,
    1446898.1836200934
  ],
  [
    421360.3001618943,
    1446964.386376555
  ],
  [
    421359.6550853234,
    1446996.5163357211
  ],
  [
    421362.32593617495,
    1447043.2575667743
  ],
  [
    416796.56042455556,
    1434601.8501329955
  ],
  [
    416723.8539874152,
    1434528.2238756495
  ],
  [
    416713.4876746411,
    1434518.2903706818
  ],
  [
    416690.6087563007,
    1434495.2446668264
  ],
  [
    416676.3250007173,
    1434481.0650206204
  ],
  [
    416664.74285809876,
    1434459.9871134772
  ],
  [
    416600.3456802873,
    1434332.9514215558
  ],
  [
    416576.81039147015,
    1434286.538835871
  ],
  [
    416559.7017162846,
    1434252.8033177746
  ],
  [
    416554.36611626716,
    1434242.2685409216
  ],
  [
    416534.5077677541,
    1434203.111060153
  ],
  [
    416518.7846711442,
    1434172.0920477794
  ],
  [
    416512.34700030007,
    1434159.381859458
  ],
  [
    416504.52364457736,
    1434143.9551894383
  ],
  [
    416483.9975603177,
    1434113.6031979804
  ],
  [
    416281.5176596842,
    1433909.1364979616
  ],
  [
    416251.05821055983,
    1433879.5778097985
  ],
  [
    416230.0584821013,
    1433864.9099407776
  ],
  [
    416203.55811659875,
    1433849.7610513107
  ],
  [
    416188.6297646937,
    1433841.4009332682
  ],
  [
    416170.6829637781,
    1433832.0103581764
  ],
  [
    416149.4474867951,
    1433821.8998190504
  ],
  [
    416123.4250864278,
    1433810.5982985387
  ],
  [
    416070.9681711416,
    1433791.613069443
  ],
  [
    416061.4787006491,
    1433788.434547909
  ],
  [
    416033.0103085999,
    1433778.9100616197
  ],
  [
    416002.8457298387,
    1433768.030416546
  ],
  [
    415973.51787046914,
    1433761.2403208916
  ],
  [
    415951.39697984845,
    1433756.0652012883
  ],
  [
    415917.2167825558,
    1433747.9848584295
  ],
  [
    415813.2230261842,
    1433695.336337513
  ],
  [
    415794.8158337588,
    1433684.4322256106
  ],
  [
    415778.1405257948,
    1433672.361597715
  ],
  [
    415761.25846071396,
    1433656.5092186802
  ],
  [
    415744.65869823494,
    1433637.1943294706
  ],
  [
    415727.14133206854,
    1433608.6253408166
  ],
  [
    415712.76803124347,
    1433579.5933476505
  ],
  [
    415702.8808214882,
    1433541.9986197874
  ],
  [
    415698.88381944434,
    1433522.3910232906
  ],
  [
    415694.21528302017,
    1433495.9727465862
  ],
  [
    415694.11007941957,
    1433479.2288046742
  ],
  [
    415697.34219372505,
    1433450.6630320903
  ],
  [
    415700.40691041504,
    1433434.8052711454
  ],
  [
    415707.318764064,
    1433414.2575837497
  ],
  [
    415717.2507603449,
    1433391.7099772412
  ],
  [
    415729.44434440916,
    1433370.9582119752
  ],
  [
    415746.18568945676,
    1433351.1879845585
  ],
  [
    415765.6981835731,
    1433333.1346412557
  ],
  [
    415787.3869806578,
    1433317.3640368662
  ],
  [
    415809.4070488766,
    1433303.5168170677
  ],
  [
    415840.18858078885,
    1433295.9248542888
  ],
  [
    415876.57244286477,
    1433286.5463734276
  ],
  [
    415919.287315871,
    1433276.0206428766
  ],
  [
    416005.9107632401,
    1433258.7039135583
  ],
  [
    419018.1310077929,
    1445733.2631892767
  ],
  [
    419106.1202183022,
    1445747.226453348
  ],
  [
    419193.3099738175,
    1445762.1877143607
  ],
  [
    419236.0689648137,
    1445769.3169977837
  ],
  [
    419295.71673426614,
    1445779.2611331588
  ],
  [
    419360.66472914105,
    1445788.7584998051
  ],
  [
    419541.63169868407,
    1445821.1741048421
  ],
  [
    419729.047250723,
    1445856.712952048
  ],
  [
    419939.68874907924,
    1445889.8074810929
  ],
  [
    420070.8784232241,
    1445910.4273535127
  ],
  [
    420156.35271510866,
    1445924.954225457
  ],
  [
    420204.8758851153,
    1445931.06179826
  ],
  [
    420221.7130245021,
    1445934.8284202665
  ],
  [
    420262.83784038574,
    1445946.9076670476
  ],
  [
    420274.8931442315,
    1445950.4449013304
  ],
  [
    420150.00045214,
    1445943.9067560546
  ],
  [
    420097.63541074767,
    1445943.8932504551
  ],
  [
    420068.21794273966,
    1445942.4637358466
  ],
  [
    420012.6038730084,
    1445936.200113196
  ],
  [
    419933.85897697834,
    1445924.2973037616
  ],
  [
    419694.68438307854,
    1445888.1343045647
  ],
  [
    419656.41362282477,
    1445880.814232461
  ],
  [
    419632.5892398558,
    1445875.3099280435
  ],
  [
    419591.0678592664,
    1445861.242033578
  ],
  [
    419538.2922584093,
    1445839.5981654911
  ],
  [
    419497.46319407655,
    1445828.7356686739
  ],
  [
    419013.66391611786,
    1445725.8111141205
  ],
  [
    418918.8967155316,
    1445707.577018983
  ],
  [
    418880.1274485203,
    1445704.1745872714
  ],
  [
    418853.2112927684,
    1445701.821015185
  ],
  [
    418837.27422169846,
    1445698.2516263877
  ],
  [
    418807.20099004166,
    1445691.5167561483
  ],
  [
    418772.87185750494,
    1445682.78165556
  ],
  [
    418642.80840067886,
    1445651.5583343266
  ],
  [
    418524.13085693156,
    1445617.4816106816
  ],
  [
    418420.0633436929,
    1445592.873263756
  ],
  [
    418394.5889206462,
    1445586.8551053216
  ],
  [
    418334.98085377296,
    1445572.3230129501
  ],
  [
    418251.32528642437,
    1445546.7698076987
  ],
  [
    418225.48815603455,
    1445539.1271128512
  ],
  [
    418180.70022774755,
    1445528.0902972913
  ],
  [
    418101.2368239228,
    1445505.0577023367
  ],
  [
    418068.7196553996,
    1445493.320885223
  ],
  [
    417996.9182882853,
    1445469.3035289194
  ],
  [
    417776.3989395491,
    1445405.4741298247
  ],
  [
    417737.5087401404,
    1445394.4977724254
  ],
  [
    417698.830069753,
    1445385.3788576655
  ],
  [
    417691.1806024924,
    1445383.3999872073
  ],
  [
    419462.738913903,
    1445818.1981674202
  ],
  [
    419499.3190270632,
    1445825.6888295736
  ],
  [
    419532.83195547847,
    1445833.5313786946
  ],
  [
    419560.5825887879,
    1445843.2488696128
  ],
  [
    419615.3830740892,
    1445864.0463180516
  ],
  [
    419644.1482820601,
    1445872.2346913437
  ],
  [
    419690.4127491622,
    1445880.714737567
  ],
  [
    419934.91444913467,
    1445918.1782581275
  ],
  [
    420023.6385977054,
    1445931.77729231
  ],
  [
    420073.8215506561,
    1445938.2226463235
  ],
  [
    420113.0939692803,
    1445939.6234825547
  ],
  [
    420154.5854828757,
    1445939.845600691
  ],
  [
    420182.351076567,
    1445939.9196794059
  ],
  [
    420236.54343779566,
    1445941.9740641857
  ],
  [
    420204.55558429606,
    1445936.4929971618
  ],
  [
    420161.3629485758,
    1445932.8915108198
  ],
  [
    420099.7959254118,
    1445926.3132394766
  ],
  [
    420032.0960190954,
    1445917.2203202492
  ],
  [
    419939.1849294213,
    1445902.9256530988
  ],
  [
    419661.4488192552,
    1445860.1843622748
  ],
  [
    419629.9781668315,
    1445853.696013705
  ],
  [
    419569.57560551923,
    1445837.6484680362
  ],
  [
    419532.6554883956,
    1445828.8094369106
  ],
  [
    419419.07860034716,
    1445806.8242881596
  ],
  [
    419407.95957102656,
    1445804.6781840872
  ],
  [
    419369.0097012838,
    1445798.7650682996
  ],
  [
    419292.11865898524,
    1445787.1019283982
  ],
  [
    419253.9909680378,
    1445780.6003953563
  ],
  [
    419136.6242788331,
    1445764.0909970626
  ],
  [
    419826.1953937153,
    1445847.935246358
  ],
  [
    419781.974119897,
    1445841.1521808512
  ],
  [
    419727.5136837212,
    1445832.7954813968
  ],
  [
    419482.88799664547,
    1445786.718666648
  ],
  [
    419451.7626752519,
    1445783.4257340264
  ],
  [
    419415.8779129563,
    1445780.1578671276
  ],
  [
    419392.57732565457,
    1445779.5516402323
  ],
  [
    419382.22421066766,
    1445779.7921761048
  ],
  [
    419360.44479166303,
    1445780.3206506614
  ],
  [
    419342.9321229822,
    1445779.1887210961
  ],
  [
    419316.5722138689,
    1445777.9169103939
  ],
  [
    419249.5421356345,
    1445764.5880789906
  ],
  [
    419174.24360446323,
    1445752.5666683726
  ],
  [
    419161.2599652091,
    1445750.4925097362
  ],
  [
    419092.7100503107,
    1445740.2209873996
  ],
  [
    419018.1310077929,
    1445733.2631892767
  ],
  [
    418971.0866608131,
    1445728.8786173733
  ],
  [
    420262.83784038574,
    1445946.9076670476
  ],
  [
    420236.54343779566,
    1445941.9740641857
  ],
  [
    420203.3807065448,
    1445938.852109357
  ],
  [
    420182.351076567,
    1445939.9196794059
  ],
  [
    420150.00045214,
    1445943.9067560546
  ],
  [
    420091.7080129272,
    1445952.3600490994
  ],
  [
    420061.10388029215,
    1445952.9579063468
  ],
  [
    420020.63839067717,
    1445951.383668062
  ],
  [
    419967.39664970484,
    1445944.4385883224
  ],
  [
    419931.7439032371,
    1445938.8358072252
  ],
  [
    419699.3227130423,
    1445902.3102270742
  ],
  [
    419661.3875765213,
    1445894.8232730012
  ],
  [
    419629.89770235785,
    1445885.4594813609
  ],
  [
    419598.7576397131,
    1445873.3850926482
  ],
  [
    419531.1644659376,
    1445841.6540303037
  ],
  [
    419497.46319407655,
    1445828.7356686739
  ],
  [
    419462.738913903,
    1445818.1981674202
  ],
  [
    419419.07860034716,
    1445806.8242881596
  ],
  [
    420156.35271510866,
    1445924.954225457
  ],
  [
    420061.2088085233,
    1445903.3663019438
  ],
  [
    419941.0592744331,
    1445883.9087093615
  ],
  [
    419725.4216138312,
    1445851.4591762272
  ],
  [
    419479.7891161469,
    1445805.8277270875
  ],
  [
    419392.2228485363,
    1445791.7514486578
  ],
  [
    419360.66472914105,
    1445788.7584998051
  ],
  [
    419798.62860070413,
    1445830.5968793714
  ],
  [
    419783.06405599124,
    1445828.28666068
  ],
  [
    419725.77352189424,
    1445819.7944587343
  ],
  [
    419486.7577564855,
    1445775.3822615887
  ],
  [
    419463.6251848146,
    1445772.917464596
  ],
  [
    419421.1537145299,
    1445775.0660121543
  ],
  [
    419412.2882682827,
    1445776.109522432
  ],
  [
    419382.22421066766,
    1445779.7921761048
  ],
  [
    419316.5722138689,
    1445777.9169103939
  ],
  [
    419366.5831951119,
    1445784.6932910336
  ],
  [
    419378.82583299547,
    1445785.497864202
  ],
  [
    419423.5405587928,
    1445786.7158510545
  ],
  [
    419482.90236720385,
    1445791.6180379163
  ],
  [
    419516.91646668833,
    1445796.5835980296
  ],
  [
    419728.03656248,
    1445837.350515219
  ],
  [
    419781.2167146579,
    1445845.3791681505
  ],
  [
    419825.83895842166,
    1445852.105762846
  ],
  [
    419369.0097012838,
    1445798.7650682996
  ],
  [
    419295.71673426614,
    1445779.2611331588
  ],
  [
    419236.0689648137,
    1445769.3169977837
  ],
  [
    419174.24360446323,
    1445752.5666683726
  ],
  [
    419584.1467198657,
    1445778.4036219197
  ],
  [
    419716.72764544265,
    1445770.2627626788
  ],
  [
    419803.25374603574,
    1445803.166576363
  ],
  [
    419670.59339587344,
    1445784.111653266
  ],
  [
    419634.83288837667,
    1445782.5352600843
  ],
  [
    419576.8440428442,
    1445787.383309205
  ],
  [
    419624.1639593836,
    1445789.6999517968
  ],
  [
    419642.88186178403,
    1445791.4589299087
  ],
  [
    419791.04914235394,
    1445815.3678135625
  ],
  [
    419511.6389123376,
    1445775.1987008564
  ],
  [
    419584.1467198657,
    1445778.4036219197
  ],
  [
    419594.7078963724,
    1445778.8703686537
  ],
  [
    419634.83288837667,
    1445782.5352600843
  ],
  [
    419803.4061245421,
    1445807.0812354921
  ],
  [
    419799.11555134953,
    1445826.5697560653
  ],
  [
    419728.26512009546,
    1445815.4075635858
  ],
  [
    419584.60009367974,
    1445788.8315169364
  ],
  [
    419576.8440428442,
    1445787.383309205
  ],
  [
    419511.6389123376,
    1445775.1987008564
  ],
  [
    419492.6286836884,
    1445773.5844435366
  ],
  [
    419463.6251848146,
    1445772.917464596
  ],
  [
    416508.8490316058,
    1442320.5960617862
  ],
  [
    416533.8055728144,
    1442437.133486436
  ],
  [
    416567.0096679513,
    1442663.2582902845
  ],
  [
    416582.5750943097,
    1442768.853045368
  ],
  [
    416595.8735058666,
    1442834.861067366
  ],
  [
    416633.4273406898,
    1443083.291179998
  ],
  [
    416637.8119388302,
    1443120.4162629098
  ],
  [
    416636.689140907,
    1443157.7902927608
  ],
  [
    416644.5899661976,
    1443213.8499357766
  ],
  [
    421283.9095947843,
    1446479.5318931956
  ],
  [
    421282.3982764729,
    1446489.346083803
  ],
  [
    421273.3305839865,
    1446548.2975888057
  ],
  [
    421268.9563905132,
    1446576.7332846352
  ],
  [
    421242.9347031865,
    1446738.2558715278
  ],
  [
    421239.2138907095,
    1446782.781408931
  ],
  [
    421234.4981143796,
    1446850.8003792434
  ],
  [
    421221.84734012006,
    1446945.4957631598
  ],
  [
    421219.7443402314,
    1446979.5321718964
  ],
  [
    421221.0417356944,
    1447023.589866039
  ],
  [
    421222.25233487296,
    1447041.2043216245
  ],
  [
    421226.16211317957,
    1447081.372596206
  ],
  [
    421231.59919472755,
    1447162.611818677
  ],
  [
    421238.0333615935,
    1447262.6273737247
  ],
  [
    421240.2911574054,
    1447297.5913291413
  ],
  [
    421240.4657086077,
    1447331.9419315353
  ],
  [
    421238.42503375147,
    1447361.244662389
  ],
  [
    421234.0469599645,
    1447403.3500616166
  ],
  [
    421229.4206681122,
    1447430.7469129818
  ],
  [
    421224.588071461,
    1447450.4800582046
  ],
  [
    421219.8482522204,
    1447468.5429391852
  ],
  [
    421213.5775861109,
    1447485.8139295322
  ],
  [
    421206.2792057617,
    1447503.8399281362
  ],
  [
    421194.66839093284,
    1447526.423819436
  ],
  [
    421110.1212733715,
    1447688.9666103597
  ],
  [
    421084.06578552997,
    1447743.7866357176
  ],
  [
    421066.26734177966,
    1447789.7573521754
  ],
  [
    421054.8651679689,
    1447824.4731049791
  ],
  [
    421045.62884921144,
    1447858.3752751013
  ],
  [
    421037.99095444864,
    1447893.9428459038
  ],
  [
    421032.42557133856,
    1447930.1680259372
  ],
  [
    421030.06515440263,
    1447953.7428453707
  ],
  [
    421026.06631737656,
    1448006.9068318254
  ],
  [
    421018.4052499364,
    1448143.4929295592
  ],
  [
    421009.75407852075,
    1448271.2673932207
  ],
  [
    421001.7552658534,
    1448369.588255206
  ],
  [
    421000.0133573959,
    1448397.0985258524
  ],
  [
    420997.72208007256,
    1448459.6582850083
  ],
  [
    420991.04282486765,
    1448564.412057158
  ],
  [
    420989.75553626125,
    1448580.3969076048
  ],
  [
    420982.851523374,
    1448723.7051505754
  ],
  [
    420980.6383402274,
    1448749.4140742568
  ],
  [
    420976.5348516067,
    1448773.7128216233
  ],
  [
    420967.8784131786,
    1448798.0247064708
  ],
  [
    420961.64400074014,
    1448816.4127131102
  ],
  [
    420953.37954511173,
    1448833.8001553558
  ],
  [
    420938.35882125463,
    1448861.5257219109
  ],
  [
    421377.5932929509,
    1446492.0592194821
  ],
  [
    421376.1458807977,
    1446501.486134525
  ],
  [
    421327.92440077424,
    1446815.5839589925
  ],
  [
    421323.2318518971,
    1446842.638115072
  ],
  [
    421321.0318003604,
    1446888.2431159283
  ],
  [
    421324.47812860407,
    1446986.0995485492
  ],
  [
    421333.3780299797,
    1447065.2275145086
  ],
  [
    421335.9760043124,
    1447090.3253354745
  ],
  [
    421408.3794428881,
    1446986.61105642
  ],
  [
    421398.3312947661,
    1447032.5703263686
  ],
  [
    421386.3482781725,
    1447072.9389967935
  ],
  [
    421448.31745646545,
    1446482.7656672513
  ],
  [
    421443.7950591523,
    1446512.517838007
  ],
  [
    421417.1009624639,
    1446678.1231040512
  ],
  [
    421384.30589607486,
    1446882.343883235
  ],
  [
    421370.3542946862,
    1446965.9058940844
  ],
  [
    421366.20791797986,
    1446998.178605554
  ],
  [
    421362.32593617495,
    1447043.2575667743
  ],
  [
    421321.5052264894,
    1447287.5593842173
  ],
  [
    421327.27293859853,
    1447242.3090997261
  ],
  [
    421332.0492515748,
    1447153.7854779828
  ],
  [
    421332.5810201615,
    1447135.0821822863
  ],
  [
    421330.8875600369,
    1447104.0648846144
  ],
  [
    421325.88256909885,
    1447059.973589981
  ],
  [
    421319.74327458645,
    1446975.7171153084
  ],
  [
    421352.907729539,
    1447138.7288452424
  ],
  [
    421356.4082437988,
    1447096.7365978535
  ],
  [
    421357.79426342394,
    1447058.3558424953
  ],
  [
    421355.5637923012,
    1446949.6907020498
  ],
  [
    421361.955037349,
    1446872.299488018
  ],
  [
    421384.16795059294,
    1446732.077652063
  ],
  [
    421421.4811235756,
    1446485.1760845098
  ],
  [
    421422.7259252911,
    1446476.92206914
  ],
  [
    421500.5764598306,
    1446434.7612853725
  ],
  [
    421492.2608881653,
    1446487.7273019168
  ],
  [
    421479.85221401893,
    1446568.9180379445
  ],
  [
    421459.38873863895,
    1446695.6199228207
  ],
  [
    421437.7781999938,
    1446834.3358418904
  ],
  [
    421428.9072486926,
    1446893.9060708839
  ],
  [
    421424.1516114934,
    1446914.103442343
  ],
  [
    421403.24207739625,
    1446971.9497029122
  ],
  [
    421482.69189199933,
    1446401.9654967333
  ],
  [
    421470.3118702865,
    1446485.600317616
  ],
  [
    421465.09083109134,
    1446521.2603012815
  ],
  [
    421444.20894801046,
    1446657.0654319094
  ],
  [
    421423.8920212544,
    1446781.8536357947
  ],
  [
    421407.65523712116,
    1446885.2077619578
  ],
  [
    421397.4927913012,
    1446948.0442873104
  ],
  [
    421391.7168852544,
    1446994.2899242092
  ],
  [
    421385.6918496479,
    1447044.3850163927
  ],
  [
    421399.24785701255,
    1446474.655745367
  ],
  [
    421390.8211996539,
    1446526.6157017178
  ],
  [
    421363.7073598242,
    1446700.7381255566
  ],
  [
    421343.5536569756,
    1446833.1570639322
  ],
  [
    421339.40058117255,
    1446878.2146821427
  ],
  [
    421339.66697159834,
    1446971.1034166852
  ],
  [
    421345.8208750204,
    1447124.7366670973
  ],
  [
    421345.7573262903,
    1447163.0583350083
  ],
  [
    418285.80737669684,
    1445552.1306265355
  ],
  [
    418314.9651655111,
    1445560.8141633922
  ],
  [
    418353.0429974386,
    1445568.5753704966
  ],
  [
    418415.99575699534,
    1445581.283780617
  ],
  [
    418491.60562950384,
    1445599.2633818379
  ],
  [
    418566.2542868077,
    1445618.5289554987
  ],
  [
    418649.7141674968,
    1445640.433989438
  ],
  [
    418656.4659144138,
    1445643.1899538164
  ],
  [
    418746.7807070903,
    1445666.1366899179
  ],
  [
    418814.46263903566,
    1445683.3996248639
  ],
  [
    418879.884381653,
    1445698.966216334
  ],
  [
    418918.8967155316,
    1445707.577018983
  ],
  [
    418880.1274485203,
    1445704.1745872714
  ],
  [
    418850.9420420775,
    1445697.0278400579
  ],
  [
    418816.1904360165,
    1445688.4045316905
  ],
  [
    418707.21486155846,
    1445661.0336707039
  ],
  [
    418604.35470418294,
    1445633.9658279668
  ],
  [
    418517.2586909953,
    1445610.689264672
  ],
  [
    418447.5409719194,
    1445594.3952781619
  ],
  [
    418350.04934906313,
    1445571.7805117392
  ],
  [
    418314.9651655111,
    1445560.8141633922
  ],
  [
    418341.10605051083,
    1445561.2451453586
  ],
  [
    418376.5004377344,
    1445563.5066611848
  ],
  [
    418428.0815584226,
    1445573.0416115236
  ],
  [
    418463.7955456425,
    1445580.7104559552
  ],
  [
    418499.8264475612,
    1445589.2299976312
  ],
  [
    418561.9329785339,
    1445605.447154985
  ],
  [
    418656.86202877515,
    1445630.5144303746
  ],
  [
    418744.17434198456,
    1445653.6801896074
  ],
  [
    418795.94033784984,
    1445667.185677406
  ],
  [
    418814.21326348756,
    1445672.396021848
  ],
  [
    418251.32528642437,
    1445546.7698076987
  ],
  [
    418285.80737669684,
    1445552.1306265355
  ],
  [
    418315.5602257011,
    1445556.7535016278
  ],
  [
    418341.10605051083,
    1445561.2451453586
  ],
  [
    418400.0526888354,
    1445572.0963553265
  ],
  [
    418453.96215228154,
    1445584.400404085
  ],
  [
    418540.00394524564,
    1445606.7619516512
  ],
  [
    418728.91280914954,
    1445654.9198055605
  ],
  [
    418821.44361926895,
    1445675.6925323543
  ],
  [
    418872.4871154655,
    1445686.877772648
  ],
  [
    418898.0034088445,
    1445692.4649137987
  ],
  [
    418895.7137950799,
    1445691.7859804837
  ],
  [
    418941.19924806163,
    1445704.2706838623
  ],
  [
    419015.0348982469,
    1445723.8052758006
  ],
  [
    419092.7100503107,
    1445740.2209873996
  ],
  [
    418216.5439045989,
    1445531.9318014702
  ],
  [
    418306.71885841317,
    1445540.4004665804
  ],
  [
    418342.6409697133,
    1445541.4659281957
  ],
  [
    418393.47580443684,
    1445547.9395137148
  ],
  [
    418455.0407490353,
    1445560.6189609738
  ],
  [
    418507.4215561733,
    1445572.9387144353
  ],
  [
    418752.93516193517,
    1445639.254609935
  ],
  [
    418798.07641601306,
    1445656.2745551812
  ],
  [
    418898.0034088445,
    1445692.4649137987
  ],
  [
    418180.70022774755,
    1445528.0902972913
  ],
  [
    418216.5439045989,
    1445531.9318014702
  ],
  [
    418243.5114368827,
    1445529.6063768081
  ],
  [
    418262.91728302214,
    1445525.622422302
  ],
  [
    418288.7821590588,
    1445524.3731113719
  ],
  [
    418323.0866891596,
    1445521.063741755
  ],
  [
    418377.7226249017,
    1445518.7556924887
  ],
  [
    418429.32261889137,
    1445523.6676613865
  ],
  [
    418495.86006379954,
    1445538.6770741367
  ],
  [
    418647.6751807331,
    1445577.9862327673
  ],
  [
    418219.27245475806,
    1445538.0064823579
  ],
  [
    418250.58354578377,
    1445541.6182189274
  ],
  [
    418308.24719674716,
    1445543.9239473084
  ],
  [
    418369.9320327781,
    1445549.5025557387
  ],
  [
    418424.4058494876,
    1445558.3321426036
  ],
  [
    418522.33445858886,
    1445582.0739589103
  ],
  [
    418624.09828921134,
    1445608.6028365185
  ],
  [
    418701.37190217944,
    1445628.3365548004
  ],
  [
    418756.86281736963,
    1445643.9101546255
  ],
  [
    418786.44878463936,
    1445654.495169105
  ],
  [
    418809.242057838,
    1445663.1427461647
  ],
  [
    418872.4871154655,
    1445686.877772648
  ],
  [
    418262.91728302214,
    1445525.622422302
  ],
  [
    418344.1360367414,
    1445530.1585208147
  ],
  [
    418400.32903600665,
    1445537.4014200151
  ],
  [
    418448.0360211624,
    1445549.3589273551
  ],
  [
    418470.6861997227,
    1445553.5606814965
  ],
  [
    418602.7601158714,
    1445589.7983410584
  ],
  [
    418721.54388694663,
    1445619.4733537508
  ],
  [
    418759.00304789224,
    1445630.742849974
  ],
  [
    418772.94278266944,
    1445633.4665132142
  ],
  [
    418795.34799695725,
    1445635.5347429279
  ],
  [
    418816.4615926956,
    1445633.4483861392
  ],
  [
    418288.7821590588,
    1445524.3731113719
  ],
  [
    418342.9856169792,
    1445526.1141108936
  ],
  [
    418378.49310206727,
    1445529.934705834
  ],
  [
    418431.55920554255,
    1445539.3325357847
  ],
  [
    418468.77343119803,
    1445548.3572683863
  ],
  [
    418527.65811921575,
    1445563.9203433369
  ],
  [
    418582.52638482966,
    1445577.8365047092
  ],
  [
    418656.86984827026,
    1445596.5613066887
  ],
  [
    418420.0633436929,
    1445592.873263756
  ],
  [
    418468.38753970916,
    1445608.2574571113
  ],
  [
    418547.18280161975,
    1445629.2249094066
  ],
  [
    418673.6429390216,
    1445662.725690346
  ],
  [
    418785.3838893254,
    1445690.331550698
  ],
  [
    418837.27422169846,
    1445698.2516263877
  ],
  [
    416644.5899661976,
    1443213.8499357766
  ],
  [
    416660.47798047104,
    1443318.713823335
  ],
  [
    416670.5285499735,
    1443382.906877618
  ],
  [
    416679.3932366762,
    1443442.2040944423
  ],
  [
    416680.06088301947,
    1443447.8425040187
  ],
  [
    416689.12219623965,
    1443504.053479864
  ],
  [
    416691.9648955848,
    1443522.5808772328
  ],
  [
    416722.8094525921,
    1443725.6978566481
  ],
  [
    416731.73358925723,
    1443783.2032441783
  ],
  [
    416732.60883538413,
    1443789.3718907458
  ],
  [
    416744.0385059159,
    1443868.668309515
  ],
  [
    416755.94028993323,
    1443942.7652569981
  ],
  [
    416775.6622361658,
    1444046.4342178009
  ],
  [
    416784.2942530603,
    1444100.6226048127
  ],
  [
    416793.13740269566,
    1444156.5135452554
  ],
  [
    416805.1743463549,
    1444235.9298082073
  ],
  [
    416809.00314310007,
    1444261.4771264936
  ],
  [
    416828.2573348915,
    1444386.249399813
  ],
  [
    416833.33676046185,
    1444441.7093593364
  ],
  [
    416836.23088761943,
    1444477.2795774704
  ],
  [
    416844.99622737657,
    1444539.762338573
  ],
  [
    417689.31599234,
    1434900.2883918984
  ],
  [
    417830.80148516234,
    1434903.6723133458
  ],
  [
    418009.6707695109,
    1434913.5929460945
  ],
  [
    418083.8376313714,
    1434925.2180492454
  ],
  [
    418211.7861992991,
    1434968.679634599
  ],
  [
    418312.63990904,
    1435030.0940435492
  ],
  [
    418382.0001172777,
    1435085.35304445
  ],
  [
    418418.91446834494,
    1435120.3693352675
  ],
  [
    418522.1315982117,
    1435240.71390194
  ],
  [
    418689.8086502226,
    1435432.5573073816
  ],
  [
    418799.99451721454,
    1435566.7399393227
  ],
  [
    418843.43369478895,
    1435645.0357575282
  ],
  [
    418869.2866044507,
    1435740.0389275502
  ],
  [
    418869.5077322773,
    1435815.398123654
  ],
  [
    418848.7030017312,
    1435936.3733688388
  ],
  [
    418780.48841269565,
    1436207.2454795048
  ],
  [
    421211.8257396294,
    1447532.6121215685
  ],
  [
    421225.3266703326,
    1447503.796253991
  ],
  [
    421236.9090148613,
    1447475.0633239066
  ],
  [
    421242.6706523795,
    1447457.9596961048
  ],
  [
    421251.00949826476,
    1447432.2774808279
  ],
  [
    421254.5613646176,
    1447412.017159313
  ],
  [
    421257.6241249301,
    1447391.3158596188
  ],
  [
    421259.1307505424,
    1447372.3443264298
  ],
  [
    421259.8623796179,
    1447347.7567447345
  ],
  [
    421259.5763044799,
    1447331.1902924774
  ],
  [
    421256.61228290724,
    1447295.6753844426
  ],
  [
    421243.9867636864,
    1447127.3071953643
  ],
  [
    421243.05137749435,
    1447096.0444096243
  ],
  [
    421243.96921995195,
    1447060.7948490044
  ],
  [
    421245.8986653638,
    1447022.9433802327
  ],
  [
    421251.1708895457,
    1446986.3762873008
  ],
  [
    421256.7383169383,
    1446950.6709978129
  ],
  [
    421265.6026181699,
    1446896.475669368
  ],
  [
    421289.0931916566,
    1446774.7638120726
  ],
  [
    421298.0527917438,
    1446731.063784758
  ],
  [
    421301.85892057425,
    1446712.4616954078
  ],
  [
    421307.2921298205,
    1446682.828529346
  ],
  [
    421336.6119230979,
    1446495.4945611556
  ],
  [
    421338.70919420116,
    1446482.0732693383
  ],
  [
    421432.32031915063,
    1446090.616532752
  ],
  [
    421401.58364264254,
    1446101.6424684548
  ],
  [
    420247.83344235003,
    1445954.5049718248
  ],
  [
    420219.58837363217,
    1445949.8535435942
  ],
  [
    420191.36545465054,
    1445949.0950617983
  ],
  [
    420166.5565810811,
    1445951.699859593
  ],
  [
    420090.7580116714,
    1445964.9265332362
  ],
  [
    420048.09762639,
    1445969.1096441913
  ],
  [
    420013.24312080606,
    1445969.5429834872
  ],
  [
    419975.65510792134,
    1445965.770623773
  ],
  [
    419930.294648447,
    1445958.625685889
  ],
  [
    419705.87827011774,
    1445923.3043271578
  ],
  [
    419675.0813670788,
    1445917.3227030027
  ],
  [
    419645.98944852187,
    1445908.6154545234
  ],
  [
    419605.47195210966,
    1445893.0294342523
  ],
  [
    419525.6124397048,
    1445852.3760220862
  ],
  [
    419495.9896221244,
    1445840.1314029929
  ],
  [
    419461.09922720026,
    1445828.3999522228
  ],
  [
    419404.9543501151,
    1445815.0498768038
  ],
  [
    419289.5637857744,
    1445795.7580695404
  ],
  [
    419252.819235672,
    1445791.375920919
  ],
  [
    419132.7070570071,
    1445773.9898472845
  ],
  [
    418756.47075630876,
    1445712.9234686687
  ],
  [
    418719.9103463491,
    1445704.9028551907
  ],
  [
    418666.9652556029,
    1445692.2857769227
  ],
  [
    418615.4750792604,
    1445676.744739035
  ],
  [
    418512.4971954131,
    1445646.558767184
  ],
  [
    418291.32936069346,
    1445582.4508125202
  ],
  [
    418237.20939599565,
    1445568.665712145
  ],
  [
    418154.13897464215,
    1445550.321948332
  ],
  [
    418082.47828463063,
    1445533.4042594638
  ],
  [
    417845.96026281686,
    1445463.3844289868
  ],
  [
    417751.2919057207,
    1445435.3551120798
  ],
  [
    417682.04517798324,
    1445413.764028558
  ],
  [
    421432.07756038086,
    1446081.5594303675
  ],
  [
    421399.1515366709,
    1446092.812827483
  ],
  [
    422000.8056857216,
    1444109.1123594153
  ],
  [
    422007.22030199016,
    1444153.542500614
  ],
  [
    422010.147645165,
    1444199.3649839193
  ],
  [
    422007.29710679123,
    1444222.631315628
  ],
  [
    421999.8344028695,
    1444259.6909436686
  ],
  [
    421991.39527196117,
    1444285.0633979691
  ],
  [
    421979.1505838653,
    1444318.0888135263
  ],
  [
    421959.560219653,
    1444352.9820436058
  ],
  [
    421925.33800342225,
    1444401.0998535415
  ],
  [
    421852.14793659584,
    1444505.9645204828
  ],
  [
    421812.9914712043,
    1444568.8057480324
  ],
  [
    421798.31792944757,
    1444601.6280503876
  ],
  [
    421786.1533450914,
    1444643.6115976397
  ],
  [
    421766.9206486301,
    1444762.0479234713
  ],
  [
    421751.74328386295,
    1444819.6672423314
  ],
  [
    421737.8327436581,
    1444853.8366878545
  ],
  [
    421715.10994575295,
    1444892.5988573772
  ],
  [
    421686.81173432147,
    1444926.6102726038
  ],
  [
    421657.5307494512,
    1444954.3426903365
  ],
  [
    421410.1638639346,
    1445133.6725303184
  ],
  [
    421367.28734602965,
    1445168.8762336355
  ],
  [
    421338.4125107582,
    1445201.93858196
  ],
  [
    421312.2560097295,
    1445245.2896430218
  ],
  [
    421291.47662952426,
    1445292.2418045301
  ],
  [
    421282.7514634478,
    1445327.159785975
  ],
  [
    421275.66420442413,
    1445396.3798925127
  ],
  [
    421266.4457901261,
    1445478.5568861645
  ],
  [
    416834.26929483574,
    1444542.0399203037
  ],
  [
    416825.9723683915,
    1444491.0356873465
  ],
  [
    416787.68867992994,
    1444222.6226604334
  ],
  [
    416775.2780868161,
    1444141.570702107
  ],
  [
    416647.3079224113,
    1443298.5256001046
  ],
  [
    416640.6727664368,
    1443255.800081859
  ],
  [
    416615.6814016816,
    1443088.111692633
  ],
  [
    416594.47882585163,
    1442932.754430974
  ],
  [
    416567.3005986776,
    1442769.916854782
  ],
  [
    416552.37104586646,
    1442666.6427065807
  ],
  [
    416498.4615035142,
    1442324.2330302915
  ],
  [
    416444.0769387814,
    1442104.3107114453
  ],
  [
    416369.0763934277,
    1441833.7314738636
  ],
  [
    416335.23728725384,
    1441709.8111887106
  ],
  [
    416302.5127546858,
    1441585.2239695576
  ],
  [
    416269.7872530669,
    1441460.4045323865
  ],
  [
    416232.74670098396,
    1441307.3739845776
  ],
  [
    416197.69490538316,
    1441180.8474458652
  ],
  [
    415986.2582775488,
    1440402.957339538
  ],
  [
    416876.09354602284,
    1444830.593038135
  ],
  [
    416865.32398130273,
    1444757.8418887344
  ],
  [
    416839.53597509256,
    1444580.5669524025
  ],
  [
    416834.26929483574,
    1444542.0399203037
  ],
  [
    416865.32398130273,
    1444757.8418887344
  ],
  [
    416839.53597509256,
    1444580.5669524025
  ],
  [
    421432.55748294946,
    1446086.3579148862
  ],
  [
    421399.3289183164,
    1446097.9660848812
  ],
  [
    420249.34737877204,
    1445949.4352726804
  ],
  [
    420221.4502304105,
    1445945.1256792224
  ],
  [
    420192.03322795016,
    1445943.850865561
  ],
  [
    420167.05088523804,
    1445946.456167012
  ],
  [
    420121.6657734737,
    1445953.1797372594
  ],
  [
    420089.71530756296,
    1445956.8228738788
  ],
  [
    420060.30374697485,
    1445957.4172602894
  ],
  [
    420014.21939081687,
    1445954.8419127322
  ],
  [
    419973.906685417,
    1445949.89411586
  ],
  [
    419930.4887686218,
    1445943.4070895284
  ],
  [
    419701.2399464946,
    1445909.1284037102
  ],
  [
    419651.3963302016,
    1445900.1500762466
  ],
  [
    419616.1745014479,
    1445889.95669372
  ],
  [
    419592.6851563557,
    1445880.3925614026
  ],
  [
    419528.4932628538,
    1445847.6340576601
  ],
  [
    419496.4818236603,
    1445834.2130606251
  ],
  [
    419466.1917581921,
    1445823.6625513847
  ],
  [
    419443.04880573845,
    1445817.647664668
  ],
  [
    419405.95761385397,
    1445809.6498337456
  ],
  [
    419289.5552337511,
    1445792.8494123886
  ],
  [
    419095.1082751164,
    1445763.0410012153
  ],
  [
    418937.77770244365,
    1445738.820030499
  ],
  [
    418756.7488831692,
    1445707.9900460057
  ],
  [
    418720.77476729057,
    1445700.2552466197
  ],
  [
    418667.82707975764,
    1445686.7644621895
  ],
  [
    418615.7531816326,
    1445671.81131369
  ],
  [
    418289.8475613461,
    1445576.3502956317
  ],
  [
    418191.0314737868,
    1445545.9429695595
  ],
  [
    417849.54136195494,
    1445446.3639577937
  ],
  [
    417770.6629473301,
    1445423.3637192217
  ],
  [
    417686.5219423532,
    1445398.985957613
  ],
  [
    415991.2425478519,
    1440401.6702829453
  ],
  [
    416202.5707063017,
    1441179.5939279546
  ],
  [
    416236.80780969415,
    1441305.6584434912
  ],
  [
    416273.31876375363,
    1441459.2657082907
  ],
  [
    416306.9761039103,
    1441583.8611228722
  ],
  [
    416339.30955346633,
    1441708.2172814973
  ],
  [
    416373.18100421736,
    1441832.0821739447
  ],
  [
    416411.31319620355,
    1441966.529322532
  ],
  [
    416451.20785022015,
    1442103.0172026244
  ],
  [
    416505.2230248626,
    1442322.7194595013
  ],
  [
    416557.34548598086,
    1442665.820263272
  ],
  [
    416572.28683570377,
    1442769.4151076535
  ],
  [
    416598.49448050116,
    1442934.003057594
  ],
  [
    416620.0257143415,
    1443086.904077871
  ],
  [
    416633.6793049319,
    1443173.5705065748
  ],
  [
    421399.1515366709,
    1446092.812827483
  ],
  [
    421334.62114091776,
    1446111.1575530472
  ],
  [
    421305.66710511537,
    1446116.217373967
  ],
  [
    421283.0692887635,
    1446118.571514842
  ],
  [
    421232.97652708367,
    1446128.1822449998
  ],
  [
    421157.8522524297,
    1446153.4147501162
  ],
  [
    421136.98766542977,
    1446159.0376727337
  ],
  [
    421115.63376013027,
    1446164.1532771152
  ],
  [
    421094.2636147365,
    1446167.3888149832
  ],
  [
    421071.5916768105,
    1446170.34056443
  ],
  [
    421048.7634131059,
    1446171.7112611043
  ],
  [
    421026.52891411295,
    1446172.2065604783
  ],
  [
    420981.87607171875,
    1446169.5923155847
  ],
  [
    420959.91554649425,
    1446167.3441009666
  ],
  [
    420714.809129619,
    1446125.5269761952
  ],
  [
    420666.38084524334,
    1446114.563088909
  ],
  [
    420613.28566466714,
    1446094.3780178155
  ],
  [
    420347.4459696512,
    1445976.8657878675
  ],
  [
    420298.56911777257,
    1445957.188859157
  ],
  [
    420274.8931442315,
    1445950.4449013304
  ],
  [
    416840.1446014272,
    1444541.6461078778
  ],
  [
    416845.4092985214,
    1444579.5206256814
  ],
  [
    416844.99622737657,
    1444539.762338573
  ],
  [
    416850.40397433605,
    1444578.3331835775
  ],
  [
    416874.1021703408,
    1444756.532402542
  ],
  [
    416884.64412957476,
    1444829.3174216626
  ],
  [
    416860.30631515244,
    1444758.5870126481
  ],
  [
    416826.3838362406,
    1444583.9799660763
  ],
  [
    416845.4092985214,
    1444579.5206256814
  ],
  [
    416870.15739952866,
    1444757.1194426562
  ],
  [
    416871.2492987162,
    1444831.3155167378
  ],
  [
    416860.30631515244,
    1444758.5870126481
  ],
  [
    416826.3838362406,
    1444583.9799660763
  ],
  [
    416821.03345939703,
    1444553.626290089
  ],
  [
    416821.03345939703,
    1444553.626290089
  ],
  [
    416810.7746269708,
    1444492.0660079643
  ],
  [
    416777.81873445434,
    1444264.4691815055
  ],
  [
    416769.61365947576,
    1444157.922995927
  ],
  [
    416642.1634997865,
    1443300.465576277
  ],
  [
    416635.10339369444,
    1443257.0556473117
  ],
  [
    416608.0846798682,
    1443139.5290158712
  ],
  [
    416597.0199608724,
    1443087.803305869
  ],
  [
    416575.29671538883,
    1442935.9867259397
  ],
  [
    416564.22591851256,
    1442860.8477246293
  ],
  [
    416546.66691153886,
    1442666.4056359562
  ],
  [
    416492.4151194239,
    1442325.5785376588
  ],
  [
    416438.41162848915,
    1442106.185934895
  ],
  [
    416365.4970291472,
    1441836.949651383
  ],
  [
    416328.41026500496,
    1441704.09196912
  ],
  [
    416298.96334991796,
    1441619.7077403502
  ],
  [
    416289.3616660726,
    1441589.4445036128
  ],
  [
    416277.4829630631,
    1441559.221372162
  ],
  [
    416253.2370522819,
    1441462.9654063948
  ],
  [
    416217.4142333502,
    1441339.5489573504
  ],
  [
    416212.6244849515,
    1441319.1805643355
  ],
  [
    416210.14139704383,
    1441294.259630903
  ],
  [
    416192.42958063754,
    1441182.3786416075
  ],
  [
    415981.4134596737,
    1440403.7462869599
  ],
  [
    417687.5922303404,
    1445394.3487503836
  ],
  [
    417773.3406138884,
    1445419.6507139758
  ],
  [
    418098.130745017,
    1445514.180122575
  ],
  [
    418192.87255662715,
    1445541.6242194157
  ],
  [
    418291.88367613335,
    1445571.9867337807
  ],
  [
    418618.37564111885,
    1445667.7335908879
  ],
  [
    418670.4503969883,
    1445682.9742928375
  ],
  [
    418722.22375369904,
    1445695.3072971
  ],
  [
    418758.4888980489,
    1445702.4661361654
  ],
  [
    418793.5805386888,
    1445708.7547818443
  ],
  [
    419008.3199257936,
    1445744.5176624143
  ],
  [
    419136.6242788331,
    1445764.0909970626
  ],
  [
    416870.15739952866,
    1444757.1194426562
  ],
  [
    416880.7102112082,
    1444829.9044280634
  ],
  [
    417690.66085803614,
    1445387.2392481777
  ],
  [
    417775.468057097,
    1445409.602170911
  ],
  [
    417996.4977641548,
    1445473.7065280585
  ],
  [
    418068.6266169011,
    1445498.47496198
  ],
  [
    418099.9262387792,
    1445509.1205047297
  ],
  [
    418193.6517770381,
    1445537.5187667022
  ],
  [
    418293.7349558916,
    1445567.446767797
  ],
  [
    418517.2447058116,
    1445631.5477970196
  ],
  [
    418620.51710124366,
    1445662.3190773951
  ],
  [
    418673.1738753255,
    1445676.3967972912
  ],
  [
    418724.6553693656,
    1445689.0182220165
  ],
  [
    418761.2140965947,
    1445696.4637465668
  ],
  [
    418971.0866608131,
    1445728.8786173733
  ],
  [
    416850.40397433605,
    1444578.3331835775
  ],
  [
    416874.1021703408,
    1444756.532402542
  ],
  [
    420943.8468805479,
    1448862.4941870598
  ],
  [
    420957.7996153502,
    1448836.5744227062
  ],
  [
    420967.2959179267,
    1448817.8120354996
  ],
  [
    420974.5064142811,
    1448799.576048874
  ],
  [
    420982.1934376069,
    1448773.663318982
  ],
  [
    420986.835792827,
    1448748.2681167652
  ],
  [
    420988.59196769376,
    1448725.72356121
  ],
  [
    420995.751524045,
    1448580.7998810061
  ],
  [
    420997.20307860605,
    1448561.6293894248
  ],
  [
    421003.1093353522,
    1448459.4768574142
  ],
  [
    421005.4133467526,
    1448397.5695796483
  ],
  [
    421007.4033177495,
    1448369.6162101293
  ],
  [
    421016.34620588005,
    1448271.6133583486
  ],
  [
    421032.3965024344,
    1447995.331304249
  ],
  [
    421038.030095607,
    1447930.1076408364
  ],
  [
    421043.11118938454,
    1447895.111473527
  ],
  [
    421050.7148479012,
    1447858.9467844672
  ],
  [
    421059.84321091947,
    1447825.1997617395
  ],
  [
    421071.2795369677,
    1447791.0479527465
  ],
  [
    421086.6203757352,
    1447753.743983352
  ],
  [
    421109.14065262873,
    1447702.3183713902
  ],
  [
    421199.7601995745,
    1447528.9971301684
  ],
  [
    421211.0745949362,
    1447505.1201200534
  ],
  [
    421218.5496100722,
    1447488.1995750612
  ],
  [
    421224.2104556842,
    1447469.979212727
  ],
  [
    421229.57885924494,
    1447451.8481691587
  ],
  [
    421234.11958056636,
    1447432.4034129742
  ],
  [
    421239.42904540774,
    1447405.070957786
  ],
  [
    421244.18096914433,
    1447361.017997169
  ],
  [
    421246.41681904433,
    1447331.7257661328
  ],
  [
    421245.5793882991,
    1447296.8240881662
  ],
  [
    421238.7916671574,
    1447194.4870314929
  ],
  [
    421233.4431783307,
    1447113.8890093376
  ],
  [
    421232.5404086489,
    1447078.8879871378
  ],
  [
    421232.9014402042,
    1447053.6047188716
  ],
  [
    421233.7073286461,
    1447032.2242099997
  ],
  [
    421234.7082529457,
    1447014.5812839717
  ],
  [
    421236.0600220909,
    1446990.755038163
  ],
  [
    421237.02182177315,
    1446970.811829928
  ],
  [
    421241.7946708696,
    1446930.23153836
  ],
  [
    421249.12516311865,
    1446878.0092155265
  ],
  [
    421256.92078074807,
    1446832.9632377329
  ],
  [
    421261.71936124953,
    1446805.101412405
  ],
  [
    421300.8271450567,
    1446556.8672996075
  ],
  [
    421308.4187584516,
    1446493.5404433114
  ],
  [
    421310.3616371584,
    1446479.2127052168
  ],
  [
    416282.3208840201,
    1441452.8016123427
  ],
  [
    416317.11601260595,
    1441580.722536805
  ],
  [
    416383.9569553964,
    1441831.3195030352
  ],
  [
    416420.794492231,
    1441964.366016722
  ],
  [
    416456.99233550124,
    1442101.1084411675
  ],
  [
    416484.8604639357,
    1442205.08426832
  ],
  [
    416508.8490316058,
    1442320.5960617862
  ],
  [
    416562.0779279505,
    1442663.8594089295
  ],
  [
    416577.2401753868,
    1442768.7918048382
  ],
  [
    416601.9080811121,
    1442933.373366269
  ],
  [
    416624.97802473465,
    1443085.960052838
  ],
  [
    416635.63951101556,
    1443158.4902335631
  ],
  [
    421401.58364264254,
    1446101.6424684548
  ],
  [
    421376.7515448534,
    1446111.2469567899
  ],
  [
    421332.1670806731,
    1446128.7161473995
  ],
  [
    421292.8132389862,
    1446144.1354484844
  ],
  [
    421182.796092807,
    1446178.9792254833
  ],
  [
    421163.9574347994,
    1446184.098628561
  ],
  [
    421152.19072141487,
    1446186.587662285
  ],
  [
    421136.05574999185,
    1446189.3768034254
  ],
  [
    421118.7250797247,
    1446191.0744917502
  ],
  [
    421098.01030292874,
    1446192.22894122
  ],
  [
    421086.7794344274,
    1446192.5487832068
  ],
  [
    421063.86874623154,
    1446191.641429652
  ],
  [
    421023.8428363082,
    1446188.184340642
  ],
  [
    420951.06176160206,
    1446172.4017172796
  ],
  [
    420699.86353010335,
    1446134.7164456495
  ],
  [
    420659.4277303822,
    1446124.536828723
  ],
  [
    420610.18735598744,
    1446106.4419446283
  ],
  [
    420343.74634167954,
    1445987.161957812
  ],
  [
    420294.3796133606,
    1445966.7897037955
  ],
  [
    420271.3101932495,
    1445959.8449151102
  ],
  [
    420247.83344235003,
    1445954.5049718248
  ],
  [
    421399.3289183164,
    1446097.9660848812
  ],
  [
    421283.45903106837,
    1446129.7184589298
  ],
  [
    421164.0077645043,
    1446167.652876035
  ],
  [
    421125.6845077738,
    1446175.7037785766
  ],
  [
    421096.5562457646,
    1446180.4657181094
  ],
  [
    421059.70845739736,
    1446181.323738706
  ],
  [
    421026.9087043131,
    1446179.8587048836
  ],
  [
    420952.8568175217,
    1446170.7929057516
  ],
  [
    420701.78839284286,
    1446129.2585016675
  ],
  [
    420660.8082119393,
    1446118.2841641284
  ],
  [
    420610.51547102456,
    1446099.9379504183
  ],
  [
    420345.63913615694,
    1445981.8810327472
  ],
  [
    420296.17562944524,
    1445961.7855461377
  ],
  [
    420272.99904344516,
    1445955.2723917135
  ],
  [
    420249.34737877204,
    1445949.4352726804
  ],
  [
    421998.6961814992,
    1443357.9757941952
  ],
  [
    422001.6461134787,
    1443266.493912016
  ],
  [
    422001.0195452123,
    1443236.7233893767
  ],
  [
    421994.0141285209,
    1443194.2967194119
  ],
  [
    421982.15631683025,
    1443149.8599188735
  ],
  [
    421963.71933182614,
    1443106.2601955521
  ],
  [
    421925.2542311959,
    1443035.3670684246
  ],
  [
    421923.10693066136,
    1443031.3917269425
  ],
  [
    421851.37976324715,
    1442912.1854896336
  ],
  [
    421818.4973369979,
    1442852.44677414
  ],
  [
    421781.78667990176,
    1442784.8777574075
  ],
  [
    421753.2037527429,
    1442734.8814060236
  ],
  [
    421728.3191377304,
    1442681.4239791364
  ],
  [
    421683.02856884047,
    1442548.1304703807
  ],
  [
    421631.7005351591,
    1442385.247806828
  ],
  [
    421608.4900269013,
    1442314.4443311526
  ],
  [
    421585.2685659436,
    1442243.6409030699
  ],
  [
    421576.37439480633,
    1442215.9952568647
  ],
  [
    421576.37439480633,
    1442215.9952568647
  ],
  [
    421556.1136441538,
    1442153.0467515104
  ],
  [
    421539.36065524025,
    1442099.6437085292
  ],
  [
    421517.5467226947,
    1442051.043888655
  ],
  [
    421490.947203447,
    1442012.5551004752
  ],
  [
    421465.17257089034,
    1441985.776043624
  ],
  [
    421416.6326330539,
    1441949.4844207794
  ],
  [
    421377.4926668272,
    1441928.0521824227
  ],
  [
    421345.6055190791,
    1441913.7879801232
  ],
  [
    421282.9479132291,
    1441900.4080746104
  ],
  [
    421218.71342126693,
    1441900.5918342033
  ],
  [
    421160.7703882212,
    1441901.6203693298
  ],
  [
    421130.1399720422,
    1441902.172614324
  ],
  [
    421066.9476634108,
    1441891.4490187722
  ],
  [
    421012.5748814263,
    1441874.5843218102
  ],
  [
    420953.33561959607,
    1441843.3783939574
  ],
  [
    420888.97729483945,
    1441796.7592098457
  ],
  [
    420847.91472680314,
    1441747.9939806373
  ],
  [
    420847.91472680314,
    1441747.9939806373
  ],
  [
    420842.5180426547,
    1441741.5838920102
  ],
  [
    420807.2769707982,
    1441677.3296521779
  ],
  [
    420789.6714524551,
    1441629.7135875432
  ],
  [
    420781.65877045726,
    1441584.6689275492
  ],
  [
    420769.42508492194,
    1441451.93409709
  ],
  [
    420759.6629448209,
    1441409.4049981816
  ],
  [
    420736.7836018936,
    1441364.2704198216
  ],
  [
    420668.5433074913,
    1441272.9822263212
  ],
  [
    420569.9949962768,
    1441159.1205292086
  ],
  [
    420569.9949962768,
    1441159.1205292086
  ],
  [
    420563.45763401967,
    1441152.0391440026
  ],
  [
    420469.3162335283,
    1441047.5214497605
  ],
  [
    420426.40171890584,
    1441015.1966294877
  ],
  [
    420265.6253813972,
    1440948.1207762007
  ],
  [
    420210.4277185247,
    1440924.3366371759
  ],
  [
    420181.1823874157,
    1440901.8266611712
  ],
  [
    420144.4279529106,
    1440870.0152624927
  ],
  [
    420103.6273546797,
    1440830.2416924157
  ],
  [
    420053.17287974496,
    1440781.9913797453
  ],
  [
    420011.02820899035,
    1440738.7601883502
  ],
  [
    419968.864902006,
    1440689.1587951758
  ],
  [
    419941.1629304569,
    1440641.904303222
  ],
  [
    419915.8611792584,
    1440592.242931358
  ],
  [
    419852.19225189084,
    1440433.8116444468
  ],
  [
    419836.86053047655,
    1440393.289723796
  ],
  [
    419815.6253650893,
    1440340.0885957496
  ],
  [
    419815.6253650893,
    1440340.0885957496
  ],
  [
    419791.5719615236,
    1440279.861794316
  ],
  [
    419727.69289826165,
    1440124.2073117194
  ],
  [
    419690.04539638147,
    1440065.5464000832
  ],
  [
    419648.69767410663,
    1440020.986217694
  ],
  [
    419607.3986843104,
    1439993.1812063968
  ],
  [
    419566.391682428,
    1439972.564125593
  ],
  [
    419429.45284591557,
    1439912.8552244487
  ],
  [
    419151.0019117144,
    1439795.078536989
  ],
  [
    419084.6604127645,
    1439766.3634107234
  ],
  [
    419038.5449596046,
    1439738.3189670297
  ],
  [
    419006.38035587355,
    1439712.1247986124
  ],
  [
    418992.9118062961,
    1439697.300281722
  ],
  [
    418972.52417254227,
    1439671.2263834237
  ],
  [
    418948.4531132365,
    1439631.6263896949
  ],
  [
    418948.4531132365,
    1439631.6263896949
  ],
  [
    418928.02173614124,
    1439594.3935237788
  ],
  [
    418906.77806130215,
    1439561.210869219
  ],
  [
    418831.2316917904,
    1439448.669569446
  ],
  [
    418743.6955104837,
    1439352.388193774
  ],
  [
    418706.6372634763,
    1439310.74744919
  ],
  [
    418613.9938855937,
    1439207.5692516707
  ],
  [
    418587.40021284594,
    1439173.3408787593
  ],
  [
    418567.23018294084,
    1439140.420713903
  ],
  [
    418545.8607407645,
    1439101.6314593554
  ],
  [
    418524.5302022103,
    1439042.9901328853
  ],
  [
    418513.3475954883,
    1438990.8992993624
  ],
  [
    418507.06718301633,
    1438953.680200494
  ],
  [
    418506.1921506544,
    1438943.8065684577
  ],
  [
    418499.32811895024,
    1438866.8852557659
  ],
  [
    418460.85810084606,
    1438535.0120796843
  ],
  [
    418446.3623190589,
    1438404.0651192206
  ],
  [
    418434.73450256797,
    1438197.7717693893
  ],
  [
    418425.5168796168,
    1437952.0328313925
  ],
  [
    418425.5168796168,
    1437952.0328313925
  ],
  [
    418422.7738456303,
    1437878.8707063338
  ],
  [
    418416.0763138854,
    1437700.5878415836
  ],
  [
    418422.96108287555,
    1437644.937783742
  ],
  [
    418439.9176803098,
    1437562.5159052124
  ],
  [
    418466.93185970373,
    1437448.4450033905
  ],
  [
    418587.3931138999,
    1436968.4357095785
  ],
  [
    418574.82758733403,
    1437024.998240588
  ],
  [
    418520.9501699624,
    1437235.0236760392
  ],
  [
    418466.93185970373,
    1437448.4450033905
  ],
  [
    418780.48841269565,
    1436207.2454795048
  ],
  [
    418767.2752431513,
    1436257.760169703
  ],
  [
    418691.3925388001,
    1436572.1082493647
  ],
  [
    418676.09862092376,
    1436630.3929577863
  ],
  [
    418683.12504827505,
    1436633.6237930963
  ],
  [
    418759.3152661262,
    1436316.9964870473
  ],
  [
    418834.56498862524,
    1436019.2178200497
  ],
  [
    418502.472783679,
    1438866.8096082234
  ],
  [
    418481.2948410752,
    1438676.3817534293
  ],
  [
    418452.1288805819,
    1438414.1344251474
  ],
  [
    418445.14088128146,
    1438287.9872689862
  ],
  [
    418439.80399271456,
    1438122.396749227
  ],
  [
    418434.0108678996,
    1437952.8814404425
  ],
  [
    418955.6920537468,
    1439629.946172812
  ],
  [
    418923.4099675701,
    1439574.931148232
  ],
  [
    418839.2802959973,
    1439453.102894479
  ],
  [
    418623.5618298601,
    1439212.3519428452
  ],
  [
    418589.00317334663,
    1439168.9897271346
  ],
  [
    418561.8672314932,
    1439123.7476210587
  ],
  [
    418535.6088057967,
    1439063.5503754048
  ],
  [
    418521.5405368039,
    1439018.4356058007
  ],
  [
    418511.106819287,
    1438951.8766128921
  ],
  [
    418510.280196818,
    1438943.7060152031
  ],
  [
    419823.0543244706,
    1440336.6827516616
  ],
  [
    419792.32177468284,
    1440261.7772088074
  ],
  [
    419771.3027372812,
    1440212.103484131
  ],
  [
    419732.2318235972,
    1440122.6015143858
  ],
  [
    419707.6665566827,
    1440084.075149285
  ],
  [
    419683.3660677845,
    1440050.8455679032
  ],
  [
    419649.76151341666,
    1440017.6541844618
  ],
  [
    419614.3186925922,
    1439993.714004126
  ],
  [
    419563.054605525,
    1439966.115070198
  ],
  [
    419086.02539399784,
    1439762.2010001559
  ],
  [
    419044.7640857859,
    1439736.4869326302
  ],
  [
    419026.2175888388,
    1439720.6598299013
  ],
  [
    419004.355071031,
    1439701.9227487792
  ],
  [
    418984.7474836401,
    1439679.286082555
  ],
  [
    418977.3704964585,
    1439667.1975109372
  ],
  [
    418955.6920537468,
    1439629.946172812
  ],
  [
    420519.3452117581,
    1441095.2981305546
  ],
  [
    420495.4851929478,
    1441067.5190107464
  ],
  [
    420471.77739522327,
    1441043.6545556316
  ],
  [
    420437.2584827022,
    1441016.0168543179
  ],
  [
    420400.2847250176,
    1440998.2071808062
  ],
  [
    420273.25907063036,
    1440948.054442747
  ],
  [
    420228.52230036905,
    1440926.916409147
  ],
  [
    420180.9718545392,
    1440896.5297372667
  ],
  [
    420073.83663789055,
    1440799.217532748
  ],
  [
    420016.7132942516,
    1440739.7943423805
  ],
  [
    419982.1639470997,
    1440701.9713908918
  ],
  [
    419955.0426020054,
    1440656.7391022127
  ],
  [
    419920.65251289075,
    1440595.425222376
  ],
  [
    419823.0543244706,
    1440336.6827516616
  ],
  [
    420852.12912438903,
    1441746.7321338225
  ],
  [
    420838.58321070694,
    1441726.9412873492
  ],
  [
    420817.9887495398,
    1441688.1593319587
  ],
  [
    420793.3876512734,
    1441628.6522381243
  ],
  [
    420788.2936049617,
    1441595.5324471982
  ],
  [
    420773.56613652164,
    1441451.546157205
  ],
  [
    420761.34549320117,
    1441406.2703009422
  ],
  [
    420740.7373698872,
    1441362.854475678
  ],
  [
    420703.35249220807,
    1441307.4762828394
  ],
  [
    420632.3788657829,
    1441223.5285278666
  ],
  [
    420519.3452117581,
    1441095.2981305546
  ],
  [
    421579.8874203853,
    1442215.9520677899
  ],
  [
    421561.13167844305,
    1442152.236162158
  ],
  [
    421548.8577164586,
    1442110.5324108677
  ],
  [
    421528.24609516514,
    1442065.2801997755
  ],
  [
    421506.7338503031,
    1442027.4294078634
  ],
  [
    421486.18831015757,
    1442001.5865427284
  ],
  [
    421454.46387080906,
    1441972.0927583063
  ],
  [
    421422.74695736414,
    1441949.0577627064
  ],
  [
    421388.2594671406,
    1441927.8887176006
  ],
  [
    421343.5331343134,
    1441909.5249149862
  ],
  [
    421299.7603660965,
    1441898.5462364028
  ],
  [
    421258.7927740159,
    1441894.0404993172
  ],
  [
    421230.527826078,
    1441895.1720221567
  ],
  [
    421134.09954666585,
    1441899.0203559892
  ],
  [
    421086.62075944635,
    1441892.6865828675
  ],
  [
    421039.1178424362,
    1441881.7300644487
  ],
  [
    420984.13666881656,
    1441856.9153439626
  ],
  [
    420938.94449304894,
    1441827.5160742353
  ],
  [
    420911.9500755276,
    1441806.6799854902
  ],
  [
    420901.143992995,
    1441800.7388695823
  ],
  [
    420867.5429982253,
    1441767.5461559428
  ],
  [
    420852.12912438903,
    1441746.7321338225
  ],
  [
    422002.7086609657,
    1443358.2298419878
  ],
  [
    422005.34035705356,
    1443257.7574520553
  ],
  [
    422004.4890991538,
    1443236.6914300518
  ],
  [
    421995.2589101519,
    1443178.2568465543
  ],
  [
    421984.01039425866,
    1443138.385909929
  ],
  [
    421853.40276088926,
    1442906.7495045923
  ],
  [
    421758.7971903912,
    1442730.5522738767
  ],
  [
    421735.55717312463,
    1442679.667038721
  ],
  [
    421721.1905365653,
    1442637.8032829799
  ],
  [
    421689.76083321765,
    1442547.7131648504
  ],
  [
    421579.8874203853,
    1442215.9520677899
  ],
  [
    421273.71298387914,
    1445479.675184949
  ],
  [
    421291.7887846008,
    1445329.2794390647
  ],
  [
    421301.6825906984,
    1445289.779446391
  ],
  [
    421315.67407529894,
    1445253.8620814567
  ],
  [
    421331.54996496224,
    1445224.774147105
  ],
  [
    421344.77413078805,
    1445204.8290294574
  ],
  [
    421359.74948277045,
    1445186.8475094615
  ],
  [
    421398.42489604116,
    1445149.8088662783
  ],
  [
    421461.7729762159,
    1445103.9184162107
  ],
  [
    421526.2918358965,
    1445057.9031251185
  ],
  [
    421653.1062820945,
    1444965.414878123
  ],
  [
    421673.4394970024,
    1444947.9933662184
  ],
  [
    421693.18462697545,
    1444929.644543971
  ],
  [
    421712.5693515653,
    1444906.5632705363
  ],
  [
    421728.11241797893,
    1444882.2100499582
  ],
  [
    421739.937771753,
    1444862.0368878029
  ],
  [
    421750.00741336076,
    1444842.1009841755
  ],
  [
    421756.4861487455,
    1444825.194574372
  ],
  [
    421761.5524484001,
    1444807.2415309248
  ],
  [
    421771.4678840236,
    1444771.2144118415
  ],
  [
    421777.3110519182,
    1444736.7029944668
  ],
  [
    421782.4623655887,
    1444702.9013618361
  ],
  [
    421795.5392061864,
    1444634.8035861985
  ],
  [
    421803.391588614,
    1444609.08987299
  ],
  [
    421817.7353391072,
    1444574.675934943
  ],
  [
    421839.4089646959,
    1444536.6467973832
  ],
  [
    421899.73671181605,
    1444449.6687701195
  ],
  [
    421960.6362148762,
    1444361.5390843125
  ],
  [
    421970.37142265297,
    1444345.8842855794
  ],
  [
    421979.7531313052,
    1444327.9190476327
  ],
  [
    421988.55660931754,
    1444308.6836064626
  ],
  [
    421996.41749361414,
    1444289.6830952847
  ],
  [
    422002.88959049113,
    1444270.3326231788
  ],
  [
    422007.6075912477,
    1444251.8055385516
  ],
  [
    422012.32162749936,
    1444228.0583570553
  ],
  [
    422016.4466182399,
    1444203.052059579
  ],
  [
    422017.20787491207,
    1444184.7573976275
  ],
  [
    422016.3418327088,
    1444166.1245073462
  ],
  [
    415793.787505705,
    1433735.0552226293
  ],
  [
    415840.9598437119,
    1433760.3046889792
  ],
  [
    415852.4792213031,
    1433767.5690262038
  ],
  [
    415864.97473546123,
    1433774.8193421892
  ],
  [
    415897.7037682621,
    1433797.9340451974
  ],
  [
    415945.64595131425,
    1433833.8870475253
  ],
  [
    415962.8058134764,
    1433848.422590641
  ],
  [
    415975.8131153527,
    1433859.9293512322
  ],
  [
    416041.58678478224,
    1433924.5391544346
  ],
  [
    416143.92934593675,
    1434026.9174771856
  ],
  [
    416189.2122003777,
    1434073.2085957127
  ],
  [
    416268.46923787333,
    1434152.9407915901
  ],
  [
    416339.25881846854,
    1434223.2206979347
  ],
  [
    416395.2123483598,
    1434279.8095436515
  ],
  [
    416421.9555814854,
    1434307.311437653
  ],
  [
    416462.4476110501,
    1434347.7890112058
  ],
  [
    416511.2725942399,
    1434396.5030251648
  ],
  [
    416534.7062676813,
    1434420.0003638708
  ],
  [
    416704.1409989089,
    1434594.8730683224
  ],
  [
    416747.82372973586,
    1434636.2704196326
  ],
  [
    416789.25368526694,
    1434675.1751377468
  ],
  [
    416807.2729399825,
    1434690.8808880332
  ],
  [
    416822.5200565576,
    1434704.471538651
  ],
  [
    416841.8837464564,
    1434720.0294933107
  ],
  [
    416868.4202982685,
    1434740.3989542164
  ],
  [
    416911.4334983735,
    1434768.4827939218
  ],
  [
    416937.1421923634,
    1434784.0881146851
  ],
  [
    416959.69569787756,
    1434796.4292861293
  ],
  [
    417022.54087946546,
    1434826.3670841327
  ],
  [
    417089.79794328345,
    1434851.9121962225
  ],
  [
    417156.45091388276,
    1434871.3543778146
  ],
  [
    417210.22225717205,
    1434881.1138766946
  ],
  [
    417281.8374021364,
    1434887.9556882991
  ],
  [
    417427.6874871758,
    1434892.762252893
  ],
  [
    415859.6862758548,
    1433754.9281024446
  ],
  [
    415870.82148954406,
    1433760.7005663023
  ],
  [
    415945.08763275476,
    1433800.0352615477
  ],
  [
    415969.1002160604,
    1433813.820072518
  ],
  [
    415983.6826118132,
    1433822.523974776
  ],
  [
    416001.8220980929,
    1433834.6234535985
  ],
  [
    416025.0381832934,
    1433854.0290097736
  ],
  [
    416047.6321554148,
    1433875.7479291372
  ],
  [
    416101.562383283,
    1433929.9756245539
  ],
  [
    416151.85814136453,
    1433980.3877962318
  ],
  [
    416229.5271984155,
    1434058.5431835942
  ],
  [
    416282.04355721286,
    1434111.7358697662
  ],
  [
    416305.4700053839,
    1434132.7004075001
  ],
  [
    416321.41798648034,
    1434148.323659
  ],
  [
    416342.50324066216,
    1434166.2539101804
  ],
  [
    416375.0067142904,
    1434193.9816695044
  ],
  [
    416395.20707455714,
    1434209.8354244672
  ],
  [
    416420.5032025585,
    1434228.6267207528
  ],
  [
    416435.0757262992,
    1434241.3676275655
  ],
  [
    416454.7812306476,
    1434258.5943074923
  ],
  [
    416483.5210536328,
    1434286.3999007565
  ],
  [
    416514.885222449,
    1434317.6703209751
  ],
  [
    416570.18582381506,
    1434373.7305994583
  ],
  [
    416630.3005990203,
    1434432.9505807527
  ],
  [
    416676.3250007173,
    1434481.0650206204
  ],
  [
    415929.09759864636,
    1433784.9874332768
  ],
  [
    415957.31719752954,
    1433794.722702415
  ],
  [
    415986.71050061646,
    1433805.2175511827
  ],
  [
    416022.84655106306,
    1433821.6309906717
  ],
  [
    416053.35405892204,
    1433838.3159106718
  ],
  [
    416064.99077686993,
    1433844.960637292
  ],
  [
    416079.69685852155,
    1433855.1240812817
  ],
  [
    416111.5917539791,
    1433882.2561889605
  ],
  [
    416137.07474723435,
    1433905.28251646
  ],
  [
    416150.46337722085,
    1433917.3854174477
  ],
  [
    416376.3419666274,
    1434144.0988075107
  ],
  [
    416400.38338433,
    1434167.6052717713
  ],
  [
    416430.38688668964,
    1434193.5932252165
  ],
  [
    416079.69685852155,
    1433855.1240812817
  ],
  [
    416102.7682921286,
    1433876.9300726817
  ],
  [
    416130.7474489743,
    1433907.6020818965
  ],
  [
    416165.71801714547,
    1433943.9597038745
  ],
  [
    416225.3432888688,
    1434002.1186563168
  ],
  [
    416371.70105463325,
    1434148.12746507
  ],
  [
    416382.74560727755,
    1434159.883641559
  ],
  [
    416397.2984286275,
    1434173.2660478042
  ],
  [
    416137.07474723435,
    1433905.28251646
  ],
  [
    416152.3793279639,
    1433916.107759688
  ],
  [
    416174.7551117512,
    1433933.879154564
  ],
  [
    416183.42267625366,
    1433941.4619244665
  ],
  [
    416380.06701761857,
    1434138.491393642
  ],
  [
    416432.3191744841,
    1434186.951628003
  ],
  [
    416460.64329520153,
    1434209.9585882318
  ],
  [
    416490.18888604274,
    1434231.6015583724
  ],
  [
    415948.1085516121,
    1433780.4395136598
  ],
  [
    416017.45869529963,
    1433797.537376114
  ],
  [
    416067.6452756697,
    1433826.1180710685
  ],
  [
    416099.9552475986,
    1433850.6167217605
  ],
  [
    416125.5265818939,
    1433870.5682009463
  ],
  [
    416136.766876752,
    1433878.8399196966
  ],
  [
    416159.54100072593,
    1433895.6147327402
  ],
  [
    416187.60004677466,
    1433920.4581385753
  ],
  [
    416218.9544802322,
    1433951.8499459007
  ],
  [
    416292.0022994906,
    1434026.237100243
  ],
  [
    416367.93359762494,
    1434100.2065105163
  ],
  [
    416412.5145440139,
    1434147.6945248428
  ],
  [
    416461.308045148,
    1434193.0243262525
  ],
  [
    416490.84881229134,
    1434216.658041307
  ],
  [
    416510.07145868405,
    1434232.0282024909
  ],
  [
    416537.001508655,
    1434256.7647381164
  ],
  [
    416557.7979116959,
    1434279.6949530565
  ],
  [
    416136.766876752,
    1433878.8399196966
  ],
  [
    416170.9949297353,
    1433913.5519165588
  ],
  [
    416206.45033979125,
    1433948.8574555183
  ],
  [
    416239.7090158621,
    1433982.2895478946
  ],
  [
    416291.0665524689,
    1434032.433310217
  ],
  [
    416345.4896192864,
    1434088.4958439083
  ],
  [
    416393.9369330718,
    1434137.6421480237
  ],
  [
    416436.3693744332,
    1434174.0770792854
  ],
  [
    416461.308045148,
    1434193.0243262525
  ],
  [
    416159.54100072593,
    1433895.6147327402
  ],
  [
    416198.59830206604,
    1433924.0302790345
  ],
  [
    416222.4721467014,
    1433942.2285007064
  ],
  [
    416233.1588182572,
    1433950.3692154787
  ],
  [
    416261.17163858784,
    1433977.9003141776
  ],
  [
    416325.9458447106,
    1434042.3036316172
  ],
  [
    416374.1008559477,
    1434091.5945648095
  ],
  [
    416422.68690825626,
    1434140.0105628362
  ],
  [
    416477.2548017752,
    1434193.9052110787
  ],
  [
    416515.33123705233,
    1434231.8022055593
  ],
  [
    416537.001508655,
    1434256.7647381164
  ],
  [
    416198.59830206604,
    1433924.0302790345
  ],
  [
    416235.8073488017,
    1433961.785777991
  ],
  [
    416283.07799019874,
    1434009.0553358113
  ],
  [
    416339.6946725935,
    1434065.973876652
  ],
  [
    416398.2023124473,
    1434124.1918441104
  ],
  [
    416443.1325808789,
    1434168.8586486503
  ],
  [
    416490.84881229134,
    1434216.658041307
  ],
  [
    416222.4721467014,
    1433942.2285007064
  ],
  [
    416243.6461007637,
    1433957.1391457766
  ],
  [
    416259.69504979445,
    1433970.2404718373
  ],
  [
    416339.78280007705,
    1434048.4773118305
  ],
  [
    416401.6537592112,
    1434110.589164752
  ],
  [
    416462.9222244017,
    1434170.822827263
  ],
  [
    416512.82821274,
    1434221.833991943
  ],
  [
    416553.8331472093,
    1434266.9551827218
  ],
  [
    416568.5489299517,
    1434287.6696973671
  ],
  [
    416587.39299104,
    1434314.2112477794
  ],
  [
    416067.6452756697,
    1433826.1180710685
  ],
  [
    416104.113584611,
    1433848.4032586052
  ],
  [
    416156.14580537175,
    1433881.2032825171
  ],
  [
    416196.0727456035,
    1433906.663277115
  ],
  [
    416240.68933106837,
    1433940.6360952838
  ],
  [
    416285.17486934684,
    1433977.9383177534
  ],
  [
    416325.5769142508,
    1434017.1330805754
  ],
  [
    416399.84979707235,
    1434091.4836134259
  ],
  [
    416473.6758839409,
    1434165.2716336662
  ],
  [
    416524.74894287647,
    1434218.4469797355
  ],
  [
    416544.7461986643,
    1434242.5187358279
  ],
  [
    416576.81039147015,
    1434286.538835871
  ],
  [
    416240.68933106837,
    1433940.6360952838
  ],
  [
    416279.50749722694,
    1433979.691814054
  ],
  [
    416328.67006616323,
    1434028.5372463476
  ],
  [
    416376.82288972125,
    1434077.0982575389
  ],
  [
    416425.8428443758,
    1434125.524010709
  ],
  [
    416481.4224942666,
    1434180.4220373116
  ],
  [
    416523.15547657624,
    1434222.3558254342
  ],
  [
    416556.30074534996,
    1434265.1782070168
  ],
  [
    416568.5489299517,
    1434287.6696973671
  ],
  [
    416196.0727456035,
    1433906.663277115
  ],
  [
    416253.70358255226,
    1433943.737654148
  ],
  [
    416275.1308722826,
    1433956.3471574495
  ],
  [
    416295.74837956904,
    1433970.1867410191
  ],
  [
    416364.66668187,
    1434038.459537027
  ],
  [
    416403.04250885313,
    1434078.4015176794
  ],
  [
    416498.3676880618,
    1434170.7048213547
  ],
  [
    416530.9813632185,
    1434209.8569923076
  ],
  [
    416554.36611626716,
    1434242.2685409216
  ],
  [
    416253.70358255226,
    1433943.737654148
  ],
  [
    416278.0320813251,
    1433961.658055256
  ],
  [
    416338.48793610465,
    1434021.9824066055
  ],
  [
    416429.2742477947,
    1434112.4633167663
  ],
  [
    416513.2492507397,
    1434196.0085463629
  ],
  [
    416547.9322918545,
    1434238.0189307474
  ],
  [
    416559.7017162846,
    1434252.8033177746
  ],
  [
    416170.6829637781,
    1433832.0103581764
  ],
  [
    416200.9831414248,
    1433851.903349147
  ],
  [
    416220.9717044854,
    1433869.339159338
  ],
  [
    416240.85638984176,
    1433891.8848359033
  ],
  [
    416263.55650038953,
    1433916.4901564526
  ],
  [
    416303.3051408989,
    1433954.7799808402
  ],
  [
    416437.0502255037,
    1434090.619241739
  ],
  [
    416466.3634473887,
    1434117.8811739753
  ],
  [
    416489.1795464437,
    1434141.513064936
  ],
  [
    416518.7846711442,
    1434172.0920477794
  ],
  [
    416240.85638984176,
    1433891.8848359033
  ],
  [
    416260.61629768525,
    1433919.805872017
  ],
  [
    416330.3168299928,
    1433992.024506521
  ],
  [
    416425.26886966225,
    1434086.2973230355
  ],
  [
    416466.3634473887,
    1434117.8811739753
  ],
  [
    416220.9717044854,
    1433869.339159338
  ],
  [
    416248.83253848506,
    1433893.2099793109
  ],
  [
    416299.49935764284,
    1433944.4507537214
  ],
  [
    416366.6443507924,
    1434010.93726202
  ],
  [
    416424.4275426553,
    1434069.887408824
  ],
  [
    416482.8958737595,
    1434125.9269208042
  ],
  [
    416506.157243257,
    1434153.3509253527
  ],
  [
    416512.34700030007,
    1434159.381859458
  ],
  [
    416200.9831414248,
    1433851.903349147
  ],
  [
    416229.91502715746,
    1433871.2696495992
  ],
  [
    416258.5307468366,
    1433893.7004457405
  ],
  [
    416291.1468428479,
    1433926.2608334452
  ],
  [
    416353.7823604749,
    1433990.0071071184
  ],
  [
    416427.5207252486,
    1434063.3529036138
  ],
  [
    416473.3333873006,
    1434109.2778893232
  ],
  [
    416504.52364457736,
    1434143.9551894383
  ],
  [
    416123.4250864278,
    1433810.5982985387
  ],
  [
    416160.40370294184,
    1433822.320085317
  ],
  [
    416213.56426560873,
    1433840.894142134
  ],
  [
    416237.1227984743,
    1433851.650217083
  ],
  [
    416276.63345652015,
    1433875.7623126938
  ],
  [
    416304.7404752735,
    1433902.1540316176
  ],
  [
    416369.11092053173,
    1433965.72920137
  ],
  [
    416432.09324583784,
    1434029.4745900459
  ],
  [
    416461.2479782263,
    1434061.7027606263
  ],
  [
    416483.4930384301,
    1434093.7748500637
  ],
  [
    416506.2882850686,
    1434139.2605948283
  ],
  [
    416528.55453728035,
    1434181.994109192
  ],
  [
    416534.5077677541,
    1434203.111060153
  ],
  [
    417427.6874871758,
    1434892.762252893
  ],
  [
    417689.31599234,
    1434900.2883918984
  ],
  [
    417689.93454780645,
    1434893.1088833152
  ],
  [
    417427.14853016613,
    1434886.6147307563
  ],
  [
    416633.6793049319,
    1443173.5705065748
  ],
  [
    416638.40213099547,
    1443211.3913250605
  ],
  [
    416640.2663082184,
    1443225.442516417
  ],
  [
    416647.35855216224,
    1443265.147358462
  ],
  [
    416652.5564323128,
    1443298.7308857155
  ],
  [
    416780.75069677725,
    1444151.3861815229
  ],
  [
    416792.3238498488,
    1444220.8501375576
  ],
  [
    416840.1446014272,
    1444541.6461078778
  ],
  [
    421325.67302225827,
    1446480.3853511144
  ],
  [
    421323.7494714961,
    1446493.8946228113
  ],
  [
    421305.92017202394,
    1446608.9433518448
  ],
  [
    421278.92658052885,
    1446783.187214961
  ],
  [
    421277.627095673,
    1446791.2533857399
  ],
  [
    421265.78218705434,
    1446864.6124705826
  ],
  [
    421260.07361374947,
    1446896.4804812386
  ],
  [
    421251.79975979595,
    1446952.4215324544
  ],
  [
    421246.28086038696,
    1446986.147016908
  ],
  [
    421240.69234593573,
    1447022.051443816
  ],
  [
    421238.5242136965,
    1447059.83724123
  ],
  [
    421237.96651473467,
    1447095.9152376447
  ],
  [
    421239.32781965204,
    1447128.260640552
  ],
  [
    421251.2146256006,
    1447296.0890304688
  ],
  [
    421252.12914202834,
    1447320.0857257836
  ],
  [
    421252.3655380199,
    1447345.7764870317
  ],
  [
    421250.9326532894,
    1447371.5494600022
  ],
  [
    421249.3276072708,
    1447390.2226675295
  ],
  [
    421242.2909276181,
    1447431.4398744218
  ],
  [
    421230.17690842884,
    1447478.8871655446
  ],
  [
    421217.01564515533,
    1447512.7341701172
  ],
  [
    421352.907729539,
    1447138.7288452424
  ],
  [
    421352.3189600592,
    1447080.8556919028
  ],
  [
    421343.8327071805,
    1446949.3704343394
  ],
  [
    421344.4640274677,
    1446882.203733397
  ],
  [
    421350.65782718046,
    1446819.1352536082
  ],
  [
    421376.5663960626,
    1446655.7882832994
  ],
  [
    421401.8778176058,
    1446495.7941386325
  ],
  [
    421404.72679355345,
    1446476.0667366579
  ],
  [
    421398.46742426546,
    1446993.0650821736
  ],
  [
    421421.1747153918,
    1446934.5722090683
  ],
  [
    421421.1747153918,
    1446934.5722090683
  ],
  [
    421429.28028777975,
    1446910.593920663
  ],
  [
    421433.66339606,
    1446892.8086075902
  ],
  [
    421436.8081513386,
    1446874.164194781
  ],
  [
    421442.4829713044,
    1446834.2228311782
  ],
  [
    421495.7856014261,
    1446488.1706595072
  ],
  [
    421504.08057279256,
    1446435.5807291355
  ],
  [
    421234.4981143796,
    1446850.8003792434
  ],
  [
    421232.3878694928,
    1446927.6263677736
  ],
  [
    421228.1406567827,
    1447015.330079081
  ],
  [
    421226.16211317957,
    1447081.372596206
  ],
  [
    421260.07361374947,
    1446896.4804812386
  ],
  [
    421250.128123751,
    1446936.5889955761
  ],
  [
    421242.1117372252,
    1446968.9170830336
  ],
  [
    421238.0915085983,
    1446988.4377493632
  ],
  [
    421234.7082529457,
    1447014.5812839717
  ],
  [
    421296.54384175275,
    1446477.1620759626
  ],
  [
    421294.46161958936,
    1446492.0431945273
  ],
  [
    421286.7660671741,
    1446556.9186970084
  ],
  [
    421267.5924735435,
    1446679.4586666203
  ],
  [
    421252.1934676996,
    1446783.6842101563
  ],
  [
    421232.3878694928,
    1446927.6263677736
  ],
  [
    421229.0136719833,
    1446964.4755618821
  ],
  [
    421228.0738578271,
    1446992.0719460258
  ],
  [
    421228.1406567827,
    1447015.330079081
  ],
  [
    421232.5404086489,
    1447078.8879871378
  ],
  [
    421265.78218705434,
    1446864.6124705826
  ],
  [
    421289.0931916566,
    1446774.7638120726
  ],
  [
    422013.95419679617,
    1446131.5922595456
  ],
  [
    421997.91650511126,
    1446119.0520479628
  ],
  [
    421977.1337151902,
    1446107.7418872863
  ],
  [
    421952.0166336881,
    1446097.251415735
  ],
  [
    421920.0631840074,
    1446088.395111927
  ],
  [
    421899.7020519768,
    1446084.3167668828
  ],
  [
    421860.3994188411,
    1446079.7614996491
  ],
  [
    421805.17167714227,
    1446075.594502939
  ],
  [
    421571.7070976563,
    1446055.523959522
  ],
  [
    421542.1978433218,
    1446056.0175055356
  ],
  [
    421519.36218326935,
    1446058.6264981234
  ],
  [
    421484.76790049206,
    1446066.5777448134
  ],
  [
    421432.07756038086,
    1446081.5594303675
  ],
  [
    422013.75462218095,
    1446137.6645299797
  ],
  [
    421994.839715853,
    1446123.6394546465
  ],
  [
    421975.42401557346,
    1446112.7014350677
  ],
  [
    421944.8724913673,
    1446101.2089403807
  ],
  [
    421923.09333590994,
    1446094.093229795
  ],
  [
    421898.7063879674,
    1446088.7434287097
  ],
  [
    421860.8011719604,
    1446083.7860399804
  ],
  [
    421805.8359330687,
    1446080.4256438408
  ],
  [
    421571.50534368074,
    1446060.7999548786
  ],
  [
    421543.524106742,
    1446061.0679417553
  ],
  [
    421520.2227113985,
    1446063.8330993538
  ],
  [
    421485.51821723604,
    1446071.1542645555
  ],
  [
    421432.55748294946,
    1446086.3579148862
  ],
  [
    422013.38020244555,
    1446143.2506762675
  ],
  [
    421989.4746039697,
    1446127.956877045
  ],
  [
    421970.0038796572,
    1446116.731468911
  ],
  [
    421943.1739529626,
    1446106.2790544094
  ],
  [
    421924.63987905683,
    1446100.3817257746
  ],
  [
    421898.29540602723,
    1446092.902997013
  ],
  [
    421854.68750903395,
    1446087.9286674263
  ],
  [
    421806.58480912045,
    1446084.5155522688
  ],
  [
    421572.3882399511,
    1446066.2498039955
  ],
  [
    421543.2471004677,
    1446066.5653443453
  ],
  [
    421521.14692807826,
    1446068.563956579
  ],
  [
    421487.03574513376,
    1446074.843823102
  ],
  [
    421432.32031915063,
    1446090.616532752
  ],
  [
    419008.3199257936,
    1445744.5176624143
  ],
  [
    419106.1202183022,
    1445747.226453348
  ],
  [
    421945.3641804671,
    1442105.4347040434
  ],
  [
    421884.7003071514,
    1441739.7462010235
  ],
  [
    421698.52256391064,
    1441213.7304066333
  ],
  [
    421662.2635677173,
    1441145.629346077
  ],
  [
    421563.70001983165,
    1441051.704704031
  ],
  [
    421448.98968026985,
    1441010.9896391542
  ],
  [
    421331.87117194786,
    1441015.6481618718
  ],
  [
    420594.78618629905,
    1441318.107677895
  ],
  [
    420431.4454011542,
    1441357.2433847736
  ],
  [
    419995.2184828519,
    1441373.5261799376
  ],
  [
    419920.8018222066,
    1441385.3108012734
  ],
  [
    419736.66205700167,
    1441471.9678768818
  ],
  [
    419584.8821638719,
    1441485.118179888
  ],
  [
    419450.45605660835,
    1441440.42113397
  ],
  [
    419334.47007556085,
    1441331.403402551
  ],
  [
    419242.7063733256,
    1441240.4749311202
  ],
  [
    418705.912592369,
    1440535.887440171
  ],
  [
    418662.3368234806,
    1440504.6510051573
  ],
  [
    418613.87945666903,
    1440483.8250781426
  ],
  [
    418587.3548942773,
    1440483.615882578
  ],
  [
    418543.3903415431,
    1440482.3412412393
  ],
  [
    418397.84352424514,
    1440503.8957273024
  ],
  [
    418505.7660503935,
    1438939.0632616237
  ],
  [
    418499.32811895024,
    1438866.8852557659
  ],
  [
    418509.7330782362,
    1438938.3769073896
  ],
  [
    418502.472783679,
    1438866.8096082234
  ],
  [
    418506.1921506544,
    1438943.8065684577
  ],
  [
    418505.7660503935,
    1438939.0632616237
  ],
  [
    418510.280196818,
    1438943.7060152031
  ],
  [
    418509.7330782362,
    1438938.3769073896
  ],
  [
    418672.06599833345,
    1436645.755512128
  ],
  [
    418587.3931138999,
    1436968.4357095785
  ],
  [
    418676.09862092376,
    1436630.3929577863
  ],
  [
    418672.06599833345,
    1436645.755512128
  ],
  [
    418644.90746810735,
    1436792.452220316
  ],
  [
    418679.8679074275,
    1436647.1592346595
  ],
  [
    418679.8679074275,
    1436647.1592346595
  ],
  [
    418683.12504827505,
    1436633.6237930963
  ],
  [
    421249.9225636457,
    1447325.5997413215
  ],
  [
    421245.3367273125,
    1447246.3045547197
  ],
  [
    421239.4199938571,
    1447160.3553183007
  ],
  [
    421234.5890033201,
    1447048.5566975595
  ],
  [
    421247.2805385995,
    1446964.2903912333
  ],
  [
    421250.128123751,
    1446936.5889955761
  ],
  [
    421252.65105427935,
    1446909.087605812
  ],
  [
    421261.3644152821,
    1446855.180260597
  ],
  [
    421277.627095673,
    1446791.2533857399
  ],
  [
    421288.12579293107,
    1446754.9920406966
  ],
  [
    421298.0527917438,
    1446731.063784758
  ],
  [
    421303.0038071311,
    1446673.1747499139
  ],
  [
    421305.92017202394,
    1446608.9433518448
  ],
  [
    421246.5352883277,
    1445714.9240763125
  ],
  [
    421250.5150920941,
    1445681.2251706116
  ],
  [
    421258.1278674855,
    1445613.8504789087
  ],
  [
    421273.71298387914,
    1445479.675184949
  ],
  [
    421266.4457901261,
    1445478.5568861645
  ],
  [
    421262.3756424547,
    1445514.799744704
  ],
  [
    421256.777279111,
    1445570.102647233
  ],
  [
    421241.0745756164,
    1445712.3628594268
  ],
  [
    417669.4741007448,
    1445393.905384035
  ],
  [
    417623.99602657696,
    1445380.6706464798
  ],
  [
    417530.28358903865,
    1445353.4354911505
  ],
  [
    417257.6174425561,
    1445273.3321269837
  ],
  [
    417215.4101404341,
    1445259.0817584374
  ],
  [
    417181.6866987209,
    1445246.6528309882
  ],
  [
    417147.7408147601,
    1445232.3776486914
  ],
  [
    417116.07261570555,
    1445214.8109084347
  ],
  [
    417085.62269591744,
    1445194.9843504045
  ],
  [
    417056.62303971726,
    1445174.3239679602
  ],
  [
    417030.10058845556,
    1445151.8202234735
  ],
  [
    417010.2009511554,
    1445132.371079094
  ],
  [
    416989.25049990875,
    1445109.6293399248
  ],
  [
    416968.9189493668,
    1445083.6120793705
  ],
  [
    416948.7778070717,
    1445052.4515060317
  ],
  [
    416933.3990781077,
    1445025.7999501687
  ],
  [
    416919.87955204607,
    1444997.2958116208
  ],
  [
    416908.18720837554,
    1444967.1050799764
  ],
  [
    416896.0083919761,
    1444926.6413831487
  ],
  [
    416876.09354602284,
    1444830.593038135
  ],
  [
    417686.5219423532,
    1445398.985957613
  ],
  [
    417669.4741007448,
    1445393.905384035
  ],
  [
    416880.7102112082,
    1444829.9044280634
  ],
  [
    416902.12070127885,
    1444925.7712958187
  ],
  [
    416913.7894004978,
    1444966.0595830379
  ],
  [
    416924.1139108573,
    1444995.679350598
  ],
  [
    416937.6266100435,
    1445021.9273373222
  ],
  [
    416954.04093958094,
    1445050.4337899166
  ],
  [
    416973.55970708665,
    1445080.1474304816
  ],
  [
    416992.85696076346,
    1445104.7411219296
  ],
  [
    417013.60572692694,
    1445128.9101715668
  ],
  [
    417033.91548542934,
    1445147.738737515
  ],
  [
    417059.4073891493,
    1445170.05758349
  ],
  [
    417089.6442245381,
    1445191.1123821773
  ],
  [
    417119.4634805521,
    1445210.3325658874
  ],
  [
    417150.52577192796,
    1445228.3103460795
  ],
  [
    417182.6056243528,
    1445242.1819514798
  ],
  [
    417217.7849806061,
    1445255.6350410297
  ],
  [
    417259.3705687571,
    1445268.6486033695
  ],
  [
    417531.50288182753,
    1445347.879876722
  ],
  [
    417670.8586987486,
    1445389.2340546171
  ],
  [
    417670.8586987486,
    1445389.2340546171
  ],
  [
    417687.5922303404,
    1445394.3487503836
  ],
  [
    416884.64412957476,
    1444829.3174216626
  ],
  [
    416907.3701343164,
    1444926.3858169755
  ],
  [
    416917.66644692456,
    1444964.599037663
  ],
  [
    416929.2992191551,
    1444993.0204044308
  ],
  [
    416942.68575730186,
    1445020.5738169344
  ],
  [
    416958.4024190237,
    1445047.8326380693
  ],
  [
    416977.78110737045,
    1445077.8342565594
  ],
  [
    416997.4497247875,
    1445103.333721998
  ],
  [
    417017.5432277028,
    1445125.9342806654
  ],
  [
    417036.1598438705,
    1445144.1707416335
  ],
  [
    417063.1179432625,
    1445167.325697249
  ],
  [
    417091.68222290155,
    1445187.4233575158
  ],
  [
    417122.433916278,
    1445206.6517892312
  ],
  [
    417153.7527110464,
    1445223.401175201
  ],
  [
    417185.6576965642,
    1445236.8088056014
  ],
  [
    417218.43733931455,
    1445249.052569036
  ],
  [
    417260.4260848362,
    1445262.728498503
  ],
  [
    417533.68160256237,
    1445344.101987313
  ],
  [
    417628.7036032603,
    1445370.5590508017
  ],
  [
    417672.89791569614,
    1445382.3156509795
  ],
  [
    417672.89791569614,
    1445382.3156509795
  ],
  [
    417690.66085803614,
    1445387.2392481777
  ],
  [
    417673.5741515246,
    1445380.0463925356
  ],
  [
    417628.7036032603,
    1445370.5590508017
  ],
  [
    417691.1806024924,
    1445383.3999872073
  ],
  [
    417673.5741515246,
    1445380.0463925356
  ],
  [
    417665.2789655869,
    1445408.594136413
  ],
  [
    417627.52245313505,
    1445392.4496697278
  ],
  [
    417580.10882173554,
    1445373.7130965816
  ],
  [
    417528.61908501113,
    1445358.7601898327
  ],
  [
    417255.95351778535,
    1445278.8337977373
  ],
  [
    417213.228014383,
    1445265.3149327862
  ],
  [
    417180.1660659186,
    1445252.9282520718
  ],
  [
    417146.5007424582,
    1445238.2098385491
  ],
  [
    417113.13197692006,
    1445221.17909707
  ],
  [
    417082.950637656,
    1445200.5333155636
  ],
  [
    417053.7456235857,
    1445180.0836901823
  ],
  [
    417026.19008691655,
    1445156.5545198226
  ],
  [
    417006.07297668676,
    1445136.895901575
  ],
  [
    416984.9267687646,
    1445113.9556829943
  ],
  [
    416964.18382539024,
    1445088.138743498
  ],
  [
    416944.4407555318,
    1445055.9594792444
  ],
  [
    416928.8643600375,
    1445028.4790475897
  ],
  [
    416914.30463715375,
    1445000.1881914763
  ],
  [
    416901.45092507824,
    1444969.5807076471
  ],
  [
    416890.1158007262,
    1444928.4619393963
  ],
  [
    416871.2492987162,
    1444831.3155167378
  ],
  [
    417682.04517798324,
    1445413.764028558
  ],
  [
    417665.2789655869,
    1445408.594136413
  ],
  [
    418397.84352424514,
    1440503.8957273024
  ],
  [
    418255.78705292754,
    1440524.931898694
  ],
  [
    417615.49504092307,
    1440674.3189740242
  ],
  [
    417558.01989927836,
    1440709.4725028554
  ],
  [
    416924.9714359735,
    1441744.3563224308
  ],
  [
    416783.9530569889,
    1441930.6839862228
  ],
  [
    416604.97739812743,
    1442661.7938978553
  ],
  [
    416598.4125868423,
    1442703.1327168841
  ],
  [
    416626.95483011066,
    1442908.2251693902
  ],
  [
    416608.5138382218,
    1442966.366453343
  ],
  [
    416403.61104479077,
    1443200.1927427547
  ],
  [
    416345.54020422534,
    1443233.305041264
  ],
  [
    416287.754664701,
    1443231.866163461
  ],
  [
    416037.10266249155,
    1443200.0926814685
  ],
  [
    421461.36533315066,
    1446397.6469371219
  ],
  [
    421448.31745646545,
    1446482.7656672513
  ]
]
